CHR	POS	MarkerID	Allele1	Allele2	AC_Allele2	AF_Allele2	MissingRate	BETA	SE	Tstat	var	p.value	N
1	12315	var_1	A	T	33	0.0033	0	-0.0953398	0.174877	-3.11751	32.6989	5.856289E-01	5000
1	23874	var_8	A	T	495	0.0495	0	-0.0156431	0.0459915	-7.3955	472.764	7.337582E-01	5000
1	27904	var_13	A	T	46	0.0046	0	-0.025657	0.148357	-1.16571	45.4343	8.626978E-01	5000
1	30779	var_14	A	T	27	0.0027	0	-0.103038	0.193323	-2.75696	26.7569	5.940456E-01	5000
1	37860	var_17	A	T	378	0.0378	0	-0.0101121	0.0531289	-3.58243	354.273	8.490500E-01	5000
1	42929	var_19	A	T	42	0.0042	0	0.202804	0.155234	8.41588	41.4977	1.914047E-01	5000
1	43854	var_21	A	T	252	0.0252	0	-0.0337922	0.0645287	-8.1154	240.156	6.005034E-01	5000
1	48746	var_24	A	T	29	0.0029	0	-0.00793415	0.186707	-0.227602	28.6864	9.661041E-01	5000
UR	UR	gene_0:pLoF:0.05	UR	UR	98.0976	0.00980976	0	0.0726446	0.0204185	174.244	2398.58	3.739875E-04	5000
UR	UR	gene_0:synonymous:0.05	UR	UR	770.015	0.0770015	0	0.0111607	0.00751571	197.584	17703.6	1.375476E-01	5000
1	169547	var_80	A	T	417	0.0417	0	-0.090684	0.0499073	-36.4085	401.488	6.920942E-02	5000
1	181914	var_86	A	T	21	0.0021	0	0.199431	0.218959	4.15975	20.858	3.623928E-01	5000
1	186054	var_88	A	T	43	0.0043	0	-0.023228	0.153313	-0.988219	42.5443	8.795758E-01	5000
1	197321	var_90	A	T	108	0.0108	0	0.183094	0.0965599	19.6372	107.252	5.793742E-02	5000
1	212485	var_97	A	T	11	0.0011	0	0.523348	0.302103	5.73429	10.9569	8.321151E-02	5000
UR	UR	gene_1:synonymous:0.05	UR	UR	176.795	0.0176795	0	0.0179617	0.0155497	74.2859	4135.79	2.480414E-01	5000
1	3125145	var_1563	A	T	60	0.006	0	-0.10235	0.13004	-6.05249	59.1351	4.312426E-01	5000
1	3130329	var_1566	A	T	19	0.0019	0	-0.0302688	0.230187	-0.57126	18.8729	8.953825E-01	5000
1	3158380	var_1580	A	T	12	0.0012	0	0.13106	0.289662	1.56203	11.9184	6.509378E-01	5000
UR	UR	gene_11:synonymous:0.05	UR	UR	595.732	0.0595732	0	-0.00710591	0.0104781	-64.7225	9108.27	4.976651E-01	5000
1	4055081	var_2013	A	T	21	0.0021	0	-0.0150532	0.218861	-0.314261	20.8767	9.451651E-01	5000
1	4057137	var_2014	A	T	319	0.0319	0	-0.0976153	0.0575532	-29.4699	301.899	8.986923E-02	5000
1	4066481	var_2021	A	T	204	0.0204	0	-0.0192154	0.0701651	-3.90308	203.123	7.841921E-01	5000
1	4067284	var_2022	A	T	155	0.0155	0	0.00674483	0.0811459	1.02433	151.868	9.337563E-01	5000
1	4072862	var_2025	A	T	421	0.0421	0	0.019788	0.0498651	7.95809	402.167	6.914922E-01	5000
1	4079484	var_2027	A	T	188	0.0188	0	-0.0463525	0.073228	-8.64409	186.486	5.267406E-01	5000
1	4091160	var_2029	A	T	188	0.0188	0	-0.0463525	0.073228	-8.64409	186.486	5.267406E-01	5000
1	4094703	var_2030	A	T	77	0.0077	0	0.235034	0.115076	17.7485	75.5148	4.110939E-02	5000
1	4094892	var_2031	A	T	16	0.0016	0	0.000905096	0.250674	0.0144038	15.9141	9.971191E-01	5000
1	4098218	var_2033	A	T	26	0.0026	0	0.032438	0.18995	0.899032	27.7154	8.644038E-01	5000
UR	UR	gene_12:synonymous:0.05	UR	UR	400.798	0.0400798	0	0.0306381	0.0116825	224.486	7327.02	8.727205E-03	5000
1	4556924	var_2260	A	T	60	0.006	0	0.159484	0.128228	9.69953	60.8182	2.135908E-01	5000
1	4568825	var_2264	A	T	454	0.0454	0	-0.0241132	0.0479112	-10.5046	435.639	6.147607E-01	5000
1	4569552	var_2265	A	T	60	0.006	0	-0.160414	0.130223	-9.45943	58.9687	2.180089E-01	5000
1	4570158	var_2266	A	T	43	0.0043	0	-0.262082	0.153308	-11.1509	42.5471	8.735558E-02	5000
1	4571890	var_2267	A	T	27	0.0027	0	-0.0276601	0.193227	-0.740827	26.7832	8.861733E-01	5000
1	4574949	var_2268	A	T	49	0.0049	0	0.110761	0.143699	5.36389	48.4276	4.408345E-01	5000
1	4575757	var_2271	A	T	11	0.0011	0	-0.00397067	0.302076	-0.0435142	10.9589	9.895124E-01	5000
1	4578207	var_2272	A	T	18	0.0018	0	-0.201048	0.236472	-3.59534	17.883	3.952151E-01	5000
UR	UR	gene_13:synonymous:0.05	UR	UR	459.112	0.0459112	0	0.0125652	0.010964	104.527	8318.77	2.517781E-01	5000
1	4658189	var_2308	A	T	62	0.0062	0	0.0676644	0.127972	4.13174	61.0622	5.969820E-01	5000
1	4670479	var_2312	A	T	302	0.0302	0	0.00242882	0.0590511	0.69653	286.777	9.671916E-01	5000
1	4675585	var_2313	A	T	57	0.0057	0	0.132047	0.131176	7.67393	58.115	3.141085E-01	5000
1	4677346	var_2314	A	T	45	0.0045	0	0.151709	0.150021	6.74069	44.4318	3.118983E-01	5000
1	4677973	var_2315	A	T	16	0.0016	0	-0.189203	0.250864	-3.00642	15.8899	4.507271E-01	5000
1	4678806	var_2316	A	T	42	0.0042	0	-0.275224	0.155146	-11.4341	41.5449	7.606933E-02	5000
1	4683395	var_2317	A	T	19	0.0019	0	0.254799	0.230075	4.81348	18.8913	2.680945E-01	5000
1	4698198	var_2327	A	T	259	0.0259	0	0.0764064	0.0634328	18.989	248.526	2.283866E-01	5000
1	4699603	var_2329	A	T	261	0.0261	0	-0.00339158	0.062932	-0.856365	252.497	9.570206E-01	5000
1	4699667	var_2330	A	T	17	0.0017	0	-0.285355	0.243274	-4.82164	16.897	2.408044E-01	5000
UR	UR	gene_14:synonymous:0.05	UR	UR	557.222	0.0557222	0	0.0052954	0.00971765	56.0759	10589.6	5.858044E-01	5000
1	4757743	var_2364	A	T	11	0.0011	0	0.0976496	0.302625	1.06626	10.9192	7.469407E-01	5000
1	4764891	var_2365	A	T	25	0.0025	0	0.100561	0.201031	2.48831	24.7443	6.169146E-01	5000
1	4765947	var_2366	A	T	25	0.0025	0	-0.300347	0.200751	-7.45257	24.8132	1.346243E-01	5000
1	4774076	var_2369	A	T	97	0.0097	0	0.043464	0.102653	4.12463	94.8976	6.719989E-01	5000
1	4779251	var_2370	A	T	144	0.0144	0	-0.0319084	0.0840804	-4.51353	141.452	7.043173E-01	5000
1	4783588	var_2373	A	T	263	0.0263	0	-0.115331	0.0634795	-28.6205	248.161	6.924518E-02	5000
1	4783822	var_2374	A	T	206	0.0206	0	0.0534687	0.0705992	10.7276	200.632	4.488363E-01	5000
1	4784181	var_2375	A	T	454	0.0454	0	0.14499	0.047429	64.4541	444.541	2.235683E-03	5000
1	4784185	var_2376	A	T	20	0.002	0	-0.299987	0.22438	-5.95845	19.8623	1.812361E-01	5000
1	4784831	var_2377	A	T	71	0.0071	0	0.111838	0.116555	8.23239	73.6102	3.372936E-01	5000
1	4785952	var_2378	A	T	55	0.0055	0	-0.093977	0.13577	-5.09818	54.2492	4.888251E-01	5000
1	4790143	var_2379	A	T	263	0.0263	0	-0.115331	0.0634795	-28.6205	248.161	6.924518E-02	5000
1	4794795	var_2381	A	T	71	0.0071	0	0.111838	0.116555	8.23239	73.6102	3.372936E-01	5000
1	4795434	var_2382	A	T	392	0.0392	0	0.00937199	0.0513052	3.56048	379.907	8.550559E-01	5000
1	4799076	var_2383	A	T	24	0.0024	0	-0.294582	0.204978	-7.01117	23.8004	1.506785E-01	5000
1	4800901	var_2384	A	T	136	0.0136	0	-0.013333	0.0864811	-1.78273	133.708	8.774735E-01	5000
UR	UR	gene_15:synonymous:0.05	UR	UR	261.297	0.0261297	0	-0.0159779	0.0144033	-77.0189	4820.35	2.672906E-01	5000
1	4866271	var_2426	A	T	31	0.0031	0	-0.0840122	0.180358	-2.58268	30.7418	6.413532E-01	5000
1	4873754	var_2432	A	T	28	0.0028	0	0.136925	0.189708	3.80464	27.7863	4.704370E-01	5000
1	4875444	var_2435	A	T	20	0.002	0	-0.778977	0.224532	-15.4514	19.8355	5.217576E-04	5000
1	4877278	var_2439	A	T	46	0.0046	0	-0.398467	0.148302	-18.1176	45.4683	7.212578E-03	5000
1	4877427	var_2440	A	T	348	0.0348	0	0.0969088	0.054644	32.4547	334.899	7.615309E-02	5000
1	4881961	var_2442	A	T	79	0.0079	0	-0.0526477	0.113564	-4.08224	77.5389	6.429379E-01	5000
1	4882679	var_2443	A	T	28	0.0028	0	-0.17021	0.190066	-4.71166	27.6815	3.705051E-01	5000
1	4886344	var_2448	A	T	37	0.0037	0	-0.0872037	0.16533	-3.1903	36.5845	5.978793E-01	5000
1	4889515	var_2452	A	T	173	0.0173	0	0.0256574	0.0761395	4.42581	172.496	7.361331E-01	5000
1	4895492	var_2456	A	T	22	0.0022	0	-0.192421	0.213897	-4.20576	21.8571	3.683345E-01	5000
1	4896264	var_2457	A	T	39	0.0039	0	-0.304089	0.161039	-11.7257	38.5602	5.898609E-02	5000
1	4902291	var_2461	A	T	113	0.0113	0	-0.00714634	0.094416	-0.801664	112.178	9.396658E-01	5000
1	4904322	var_2464	A	T	14	0.0014	0	0.00122584	0.268005	0.0170666	13.9224	9.963505E-01	5000
UR	UR	gene_16:synonymous:0.05	UR	UR	679.093	0.0679093	0	0.00958968	0.00985923	98.6548	10287.6	3.307222E-01	5000
1	5002731	var_2513	A	T	17	0.0017	0	0.0537497	0.243322	0.907851	16.8903	8.251704E-01	5000
1	5014410	var_2518	A	T	170	0.017	0	-0.162998	0.0781791	-26.6686	163.613	3.707571E-02	5000
1	5019589	var_2519	A	T	114	0.0114	0	-0.177221	0.094858	-19.6955	111.135	6.172306E-02	5000
1	5023600	var_2521	A	T	244	0.0244	0	-0.171766	0.0657362	-39.7491	231.415	8.976283E-03	5000
1	5029519	var_2523	A	T	22	0.0022	0	-0.0651587	0.213955	-1.4234	21.8452	7.607133E-01	5000
1	5032712	var_2524	A	T	234	0.0234	0	0.0310787	0.066725	6.98049	224.607	6.413780E-01	5000
1	5037077	var_2527	A	T	350	0.035	0	0.0873598	0.0546729	29.2258	334.546	1.100738E-01	5000
1	5039030	var_2528	A	T	58	0.0058	0	0.25467	0.132328	14.5437	57.108	5.428742E-02	5000
1	5039845	var_2530	A	T	39	0.0039	0	-0.304089	0.161039	-11.7257	38.5602	5.898609E-02	5000
1	5040541	var_2532	A	T	192	0.0192	0	0.0990883	0.0729804	18.6042	187.753	1.745467E-01	5000
UR	UR	gene_17:synonymous:0.05	UR	UR	110.975	0.0110975	0	0.0226532	0.0216239	48.4465	2138.62	2.948225E-01	5000
1	5431648	var_2717	A	T	292	0.0292	0	0.0712258	0.0599312	19.8304	278.416	2.346522E-01	5000
1	5434931	var_2718	A	T	11	0.0011	0	0.627187	0.302197	6.86781	10.9502	3.794688E-02	5000
1	5440042	var_2722	A	T	293	0.0293	0	0.130748	0.0594867	36.9483	282.592	2.795395E-02	5000
1	5441756	var_2724	A	T	162	0.0162	0	-0.103049	0.0794476	-16.326	158.43	1.946095E-01	5000
1	5441961	var_2725	A	T	56	0.0056	0	-0.180354	0.134563	-9.96041	55.2269	1.801481E-01	5000
1	5446669	var_2727	A	T	11	0.0011	0	0.27156	0.30231	2.9714	10.942	3.690346E-01	5000
1	5447592	var_2728	A	T	30	0.003	0	-0.0288197	0.183468	-0.856181	29.7082	8.751800E-01	5000
1	5459286	var_2734	A	T	13	0.0013	0	-0.0355286	0.278108	-0.459359	12.9293	8.983459E-01	5000
1	5465827	var_2737	A	T	247	0.0247	0	-0.0694293	0.0642272	-16.8308	242.417	2.796989E-01	5000
1	5466072	var_2738	A	T	200	0.02	0	0.0357908	0.0711449	7.07104	197.566	6.149159E-01	5000
1	5471576	var_2740	A	T	137	0.0137	0	0.0234801	0.0867529	3.11984	132.871	7.866564E-01	5000
UR	UR	gene_19:synonymous:0.05	UR	UR	304.617	0.0304617	0	0.00246192	0.0151807	10.683	4339.28	8.711681E-01	5000
1	985896	var_475	A	T	173	0.0173	0	0.11438	0.0761118	19.7446	172.622	1.328922E-01	5000
1	994579	var_481	A	T	70	0.007	0	0.00740101	0.118883	0.523663	70.7556	9.503601E-01	5000
1	996565	var_483	A	T	117	0.0117	0	-0.0183025	0.093689	-2.08513	113.926	8.451161E-01	5000
1	1006611	var_486	A	T	23	0.0023	0	0.0588362	0.209531	1.34014	22.7774	7.788640E-01	5000
1	1012455	var_488	A	T	18	0.0018	0	-0.410727	0.236331	-7.35379	17.9043	8.222316E-02	5000
1	1018906	var_492	A	T	54	0.0054	0	0.0821266	0.136997	4.37584	53.2816	5.488546E-01	5000
UR	UR	gene_2:synonymous:0.05	UR	UR	300.457	0.0300457	0	0.00183093	0.0130926	10.6811	5833.72	8.887831E-01	5000
1	5564230	var_2782	A	T	194	0.0194	0	-0.038325	0.0729386	-7.20391	187.969	5.992754E-01	5000
1	5567062	var_2785	A	T	138	0.0138	0	0.00770675	0.0845666	1.07764	139.83	9.273875E-01	5000
1	5569152	var_2786	A	T	23	0.0023	0	0.185276	0.209142	4.23581	22.8622	3.756790E-01	5000
1	5575526	var_2789	A	T	444	0.0444	0	0.0241113	0.0488374	10.1092	419.271	6.215139E-01	5000
1	5576026	var_2790	A	T	332	0.0332	0	0.0748386	0.0563159	23.5974	315.31	1.838786E-01	5000
1	5578241	var_2792	A	T	70	0.007	0	-0.000550337	0.120506	-0.0378976	68.8625	9.963562E-01	5000
1	5580268	var_2793	A	T	194	0.0194	0	-0.0493973	0.0721396	-9.49196	192.156	4.935043E-01	5000
1	5586899	var_2796	A	T	373	0.0373	0	0.0559112	0.0530056	19.9001	355.924	2.915085E-01	5000
1	5588919	var_2797	A	T	14	0.0014	0	-0.185861	0.267933	-2.58903	13.9299	4.878789E-01	5000
1	5594802	var_2801	A	T	214	0.0214	0	0.00070555	0.0693229	0.146816	208.088	9.918795E-01	5000
1	5597707	var_2803	A	T	236	0.0236	0	-0.0884534	0.0664824	-20.0125	226.249	1.833610E-01	5000
1	5606096	var_2809	A	T	120	0.012	0	0.0838499	0.0924479	9.8109	117.006	3.644087E-01	5000
UR	UR	gene_20:synonymous:0.05	UR	UR	409.414	0.0409414	0	-0.00511182	0.0117523	-37.011	7240.26	6.635887E-01	5000
1	5848115	var_2931	A	T	215	0.0215	0	-0.0279348	0.0695471	-5.77547	206.748	6.879292E-01	5000
1	5856436	var_2937	A	T	54	0.0054	0	0.386779	0.13695	20.6224	53.3183	4.739394E-03	5000
1	5856762	var_2938	A	T	26	0.0026	0	-0.32598	0.197185	-8.38388	25.719	9.829573E-02	5000
1	5858298	var_2939	A	T	27	0.0027	0	0.054813	0.19329	1.46712	26.766	7.767324E-01	5000
1	5863561	var_2942	A	T	26	0.0026	0	-0.32598	0.197185	-8.38388	25.719	9.829573E-02	5000
1	5865452	var_2944	A	T	96	0.0096	0	0.000417455	0.10322	0.0391813	93.8575	9.967731E-01	5000
1	5875563	var_2949	A	T	92	0.0092	0	-0.189639	0.105405	-17.0689	90.0075	7.199493E-02	5000
1	5882131	var_2953	A	T	129	0.0129	0	0.078719	0.0880056	10.1639	129.116	3.710665E-01	5000
1	5882404	var_2954	A	T	56	0.0056	0	-0.249006	0.134645	-13.7351	55.1598	6.440602E-02	5000
1	5883668	var_2955	A	T	67	0.0067	0	0.0507072	0.123125	3.34486	65.9642	6.804600E-01	5000
1	5887465	var_2956	A	T	15	0.0015	0	0.201842	0.258918	3.01084	14.9168	4.356500E-01	5000
1	5893364	var_2960	A	T	177	0.0177	0	-0.219559	0.076737	-37.2857	169.821	4.220532E-03	5000
1	5894787	var_2961	A	T	41	0.0041	0	-0.125364	0.156999	-5.08602	40.57	4.245794E-01	5000
UR	UR	gene_21:synonymous:0.05	UR	UR	458.38	0.045838	0	-0.0105799	0.011165	-84.8719	8022.01	3.433360E-01	5000
1	6072556	var_3054	A	T	317	0.0317	0	-7.96061e-05	0.0575027	-0.0240752	302.429	9.988954E-01	5000
1	6087793	var_3061	A	T	150	0.015	0	0.0104992	0.0825453	1.54089	146.763	8.987874E-01	5000
1	6094154	var_3065	A	T	100	0.01	0	0.271545	0.100259	27.0141	99.4831	6.760489E-03	5000
1	6094836	var_3067	A	T	91	0.0091	0	0.210719	0.104806	19.1837	91.0391	4.437166E-02	5000
1	6095772	var_3068	A	T	237	0.0237	0	0.0181062	0.0663604	4.11158	227.081	7.849713E-01	5000
1	6098452	var_3069	A	T	500	0.05	0	0.0877039	0.0464934	40.5729	462.613	5.924467E-02	5000
1	6105594	var_3075	A	T	219	0.0219	0	-0.0483449	0.068483	-10.3083	213.223	4.802250E-01	5000
1	6109294	var_3076	A	T	491	0.0491	0	0.0834563	0.046962	37.8413	453.426	7.555134E-02	5000
1	6109669	var_3077	A	T	177	0.0177	0	-0.108276	0.0757717	-18.8591	174.175	1.530093E-01	5000
1	6113939	var_3079	A	T	19	0.0019	0	-0.0594134	0.230235	-1.12084	18.865	7.963639E-01	5000
1	6116105	var_3081	A	T	15	0.0015	0	-0.176735	0.258868	-2.63735	14.9226	4.947807E-01	5000
1	6118172	var_3082	A	T	39	0.0039	0	0.119827	0.160892	4.62897	38.6305	4.564139E-01	5000
1	6118847	var_3083	A	T	159	0.0159	0	0.0614426	0.0806807	9.4391	153.625	4.463269E-01	5000
UR	UR	gene_23:synonymous:0.05	UR	UR	955.97	0.095597	0	-0.00371982	0.00745757	-66.8847	17980.6	6.179221E-01	5000
1	6238995	var_3139	A	T	27	0.0027	0	0.122053	0.193156	3.27138	26.803	5.274612E-01	5000
1	6247763	var_3142	A	T	41	0.0041	0	-0.156063	0.156996	-6.33179	40.5719	3.201923E-01	5000
1	6252142	var_3144	A	T	145	0.0145	0	0.105376	0.0838235	14.9972	142.321	2.087097E-01	5000
1	6255863	var_3146	A	T	54	0.0054	0	0.125278	0.13706	6.66892	53.2329	3.606960E-01	5000
1	6258696	var_3147	A	T	37	0.0037	0	0.404569	0.165257	14.8139	36.6166	1.436063E-02	5000
1	6260928	var_3148	A	T	21	0.0021	0	-0.594117	0.218972	-12.3906	20.8556	6.663554E-03	5000
1	6263539	var_3149	A	T	66	0.0066	0	-0.0774596	0.124012	-5.03675	65.0243	5.322232E-01	5000
1	6263785	var_3150	A	T	13	0.0013	0	-0.209719	0.278247	-2.70881	12.9163	4.510191E-01	5000
1	6275823	var_3154	A	T	72	0.0072	0	0.0648822	0.11893	4.58713	70.6993	5.853764E-01	5000
1	6278615	var_3155	A	T	131	0.0131	0	-0.0345462	0.0879996	-4.46107	129.134	6.946357E-01	5000
1	6279584	var_3156	A	T	14	0.0014	0	-0.126066	0.267963	-1.75569	13.9268	6.380265E-01	5000
1	6281011	var_3157	A	T	119	0.0119	0	0.253351	0.0928977	29.3571	115.875	6.387325E-03	5000
1	6281042	var_3158	A	T	77	0.0077	0	-0.0374245	0.115029	-2.8284	75.5762	7.449173E-01	5000
1	6281811	var_3160	A	T	155	0.0155	0	-0.140998	0.0816967	-21.1253	149.827	8.437093E-02	5000
UR	UR	gene_24:synonymous:0.05	UR	UR	171.244	0.0171244	0	-0.0174694	0.0161691	-66.8202	3824.98	2.799545E-01	5000
1	6440937	var_3250	A	T	397	0.0397	0	0.0257337	0.0511368	9.8409	382.413	6.148007E-01	5000
1	6441313	var_3251	A	T	73	0.0073	0	0.0450974	0.118133	3.23152	71.6563	7.026467E-01	5000
1	6442752	var_3252	A	T	137	0.0137	0	-0.020265	0.0867423	-2.6933	132.904	8.152777E-01	5000
1	6444165	var_3253	A	T	150	0.015	0	0.150748	0.0824383	22.1816	147.144	6.745732E-02	5000
1	6451765	var_3254	A	T	245	0.0245	0	-0.0564122	0.0642556	-13.6632	242.203	3.799793E-01	5000
1	6454635	var_3256	A	T	397	0.0397	0	-0.0546027	0.0518226	-20.3318	372.358	2.920454E-01	5000
1	6461816	var_3258	A	T	114	0.0114	0	0.0177477	0.0940692	2.00561	113.007	8.503546E-01	5000
1	6467008	var_3260	A	T	397	0.0397	0	0.0257337	0.0511368	9.8409	382.413	6.148007E-01	5000
1	6482136	var_3262	A	T	32	0.0032	0	-0.0624167	0.177583	-1.97924	31.7101	7.252289E-01	5000
1	6483408	var_3263	A	T	12	0.0012	0	-0.547493	0.2894	-6.53706	11.94	5.851455E-02	5000
1	6484818	var_3264	A	T	19	0.0019	0	-0.163514	0.230248	-3.08435	18.8629	4.776017E-01	5000
UR	UR	gene_25:synonymous:0.05	UR	UR	156.727	0.0156727	0	-0.0146012	0.0197604	-37.3935	2561	4.599612E-01	5000
1	6872390	var_3467	A	T	94	0.0094	0	0.0121637	0.104263	1.11894	91.9899	9.071262E-01	5000
1	6873970	var_3468	A	T	44	0.0044	0	0.00489384	0.15175	0.212515	43.425	9.742733E-01	5000
1	6877868	var_3470	A	T	291	0.0291	0	-0.00311545	0.059461	-0.881164	282.837	9.582141E-01	5000
1	6883128	var_3473	A	T	95	0.0095	0	-0.159959	0.103796	-14.8474	92.8197	1.232937E-01	5000
1	6884095	var_3474	A	T	153	0.0153	0	0.0106945	0.0822442	1.58106	147.839	8.965402E-01	5000
1	6896563	var_3478	A	T	306	0.0306	0	-0.0435917	0.0576547	-13.114	300.836	4.496000E-01	5000
1	6899095	var_3479	A	T	42	0.0042	0	-0.226849	0.155135	-9.4258	41.551	1.436674E-01	5000
1	6903090	var_3480	A	T	29	0.0029	0	-0.114482	0.186532	-3.29026	28.7404	5.393883E-01	5000
1	6906288	var_3481	A	T	181	0.0181	0	0.0905935	0.0754467	15.9154	175.679	2.298435E-01	5000
1	6906473	var_3482	A	T	181	0.0181	0	0.0905935	0.0754467	15.9154	175.679	2.298435E-01	5000
1	6910951	var_3485	A	T	94	0.0094	0	0.0121637	0.104263	1.11894	91.9899	9.071262E-01	5000
1	6911633	var_3488	A	T	124	0.0124	0	0.132618	0.0903732	16.2376	122.439	1.422543E-01	5000
1	6918226	var_3491	A	T	47	0.0047	0	-0.0262561	0.143646	-1.27245	48.4631	8.549684E-01	5000
UR	UR	gene_26:synonymous:0.05	UR	UR	410.864	0.0410864	0	0.00571409	0.013635	30.7352	5378.85	6.751612E-01	5000
1	6984443	var_3529	A	T	15	0.0015	0	-0.112682	0.259063	-1.67898	14.9001	6.635907E-01	5000
1	6985707	var_3532	A	T	40	0.004	0	0.40419	0.159197	15.9484	39.4575	1.111917E-02	5000
1	6989490	var_3534	A	T	25	0.0025	0	0.0655555	0.201048	1.62184	24.74	7.443726E-01	5000
1	6996036	var_3535	A	T	17	0.0017	0	0.189033	0.243172	3.19677	16.9112	4.369437E-01	5000
1	6996993	var_3537	A	T	122	0.0122	0	-0.0442359	0.0917693	-5.25268	118.742	6.297815E-01	5000
1	7007870	var_3541	A	T	115	0.0115	0	0.132519	0.0945701	14.8174	111.813	1.611296E-01	5000
1	7011625	var_3543	A	T	107	0.0107	0	-0.0193026	0.0978224	-2.01715	104.502	8.435750E-01	5000
1	7020374	var_3545	A	T	38	0.0038	0	0.178212	0.158932	7.0553	39.5893	2.621549E-01	5000
1	7023057	var_3548	A	T	89	0.0089	0	-0.156348	0.107285	-13.5836	86.8804	1.450299E-01	5000
UR	UR	gene_27:synonymous:0.05	UR	UR	314.643	0.0314643	0	-0.00771935	0.0131529	-44.621	5780.41	5.572747E-01	5000
1	7209454	var_3642	A	T	23	0.0023	0	0.234969	0.209299	5.36387	22.828	2.615858E-01	5000
1	7212022	var_3643	A	T	24	0.0024	0	0.348016	0.204858	8.29267	23.8284	8.935333E-02	5000
1	7214613	var_3644	A	T	44	0.0044	0	0.189192	0.151868	8.20301	43.358	2.128480E-01	5000
1	7216943	var_3647	A	T	25	0.0025	0	-0.179968	0.200839	-4.46171	24.7916	3.702080E-01	5000
1	7226933	var_3654	A	T	21	0.0021	0	-0.0421668	0.219025	-0.878988	20.8455	8.473345E-01	5000
1	7233003	var_3657	A	T	11	0.0011	0	0.44908	0.302124	4.91985	10.9554	1.371716E-01	5000
1	7235704	var_3658	A	T	74	0.0074	0	-0.236907	0.117315	-17.2135	72.6593	4.344535E-02	5000
1	7238593	var_3659	A	T	50	0.005	0	0.0583854	0.139525	2.99915	51.3681	6.756129E-01	5000
1	7240625	var_3660	A	T	34	0.0034	0	-0.0543572	0.172296	-1.83107	33.6859	7.523919E-01	5000
1	7241062	var_3661	A	T	165	0.0165	0	-0.0608215	0.0793297	-9.66463	158.901	4.432642E-01	5000
UR	UR	gene_28:synonymous:0.05	UR	UR	503.12	0.050312	0	0.00165498	0.00974384	17.4314	10532.7	8.651293E-01	5000
1	7481875	var_3780	A	T	162	0.0162	0	-0.0449936	0.0789864	-7.21184	160.286	5.689238E-01	5000
1	7497734	var_3786	A	T	115	0.0115	0	0.230121	0.0944741	25.7829	112.04	1.485828E-02	5000
1	7510533	var_3791	A	T	425	0.0425	0	0.0502066	0.0499823	20.0969	400.284	3.151437E-01	5000
1	7511749	var_3793	A	T	134	0.0134	0	-0.0289598	0.0870981	-3.8175	131.821	7.395141E-01	5000
1	7512204	var_3794	A	T	24	0.0024	0	-0.127012	0.204815	-3.02776	23.8384	5.351721E-01	5000
1	7512445	var_3795	A	T	208	0.0208	0	0.151152	0.0702527	30.6259	202.616	3.143291E-02	5000
1	7513700	var_3796	A	T	14	0.0014	0	-0.0791789	0.268108	-1.10151	13.9117	7.677462E-01	5000
1	7515233	var_3797	A	T	155	0.0155	0	-0.0539236	0.0811913	-8.18011	151.698	5.065915E-01	5000
1	7518495	var_3800	A	T	84	0.0084	0	0.181538	0.110182	14.9536	82.3719	9.943136E-02	5000
1	7530900	var_3808	A	T	44	0.0044	0	0.383316	0.151516	16.697	43.5593	1.141060E-02	5000
UR	UR	gene_29:synonymous:0.05	UR	UR	766.488	0.0766488	0	0.0151702	0.00808898	231.848	15283.1	6.073602E-02	5000
1	1375822	var_655	A	T	476	0.0476	0	-0.0176066	0.0475048	-7.80189	443.123	7.109148E-01	5000
1	1383760	var_658	A	T	327	0.0327	0	0.131417	0.0561878	41.6263	316.749	1.934112E-02	5000
1	1384587	var_660	A	T	22	0.0022	0	0.168845	0.213941	3.68893	21.8481	4.299882E-01	5000
1	1385147	var_661	A	T	476	0.0476	0	-0.0176066	0.0475048	-7.80189	443.123	7.109148E-01	5000
1	1388370	var_663	A	T	56	0.0056	0	-0.101156	0.134495	-5.59213	55.2821	4.519815E-01	5000
1	1388689	var_664	A	T	37	0.0037	0	-0.0429008	0.16534	-1.56932	36.5802	7.952720E-01	5000
1	1389755	var_665	A	T	38	0.0038	0	-0.050866	0.163207	-1.90964	37.5427	7.552940E-01	5000
1	1392495	var_666	A	T	9783	0.9783	0	0.102618	0.0688521	21.6465	210.943	1.361174E-01	5000
1	1393149	var_668	A	T	350	0.035	0	-0.0739995	0.0545258	-24.89	336.353	1.747348E-01	5000
UR	UR	gene_3:synonymous:0.05	UR	UR	424.017	0.0424017	0	0.0162548	0.0109766	134.911	8299.78	1.386427E-01	5000
1	7543547	var_3816	A	T	9598	0.9598	0	-0.0830813	0.051104	-31.8121	382.904	1.040073E-01	5000
1	7564852	var_3828	A	T	226	0.0226	0	0.232781	0.0675666	50.9898	219.046	5.706187E-04	5000
1	7573356	var_3830	A	T	15	0.0015	0	0.139041	0.259013	2.07252	14.9059	5.913992E-01	5000
1	7574828	var_3831	A	T	20	0.002	0	0.373391	0.224447	7.41201	19.8505	9.619161E-02	5000
1	7577816	var_3833	A	T	77	0.0077	0	-0.0646906	0.113546	-5.01763	77.5635	5.688600E-01	5000
1	7580558	var_3834	A	T	9741	0.9741	0	0.0876012	0.0621371	22.6886	258.999	1.585973E-01	5000
1	7583334	var_3835	A	T	259	0.0259	0	-0.0876012	0.0621371	-22.6886	258.999	1.585973E-01	5000
1	7586018	var_3836	A	T	259	0.0259	0	-0.0876012	0.0621371	-22.6886	258.999	1.585973E-01	5000
1	7587853	var_3837	A	T	259	0.0259	0	-0.0876012	0.0621371	-22.6886	258.999	1.585973E-01	5000
1	7589309	var_3839	A	T	140	0.014	0	-0.0484302	0.0845909	-6.76813	139.75	5.669679E-01	5000
UR	UR	gene_30:synonymous:0.05	UR	UR	434.947	0.0434947	0	0.0128796	0.0121734	86.9122	6748.03	2.900481E-01	5000
1	7829602	var_3958	A	T	69	0.0069	0	-0.166155	0.121348	-11.2835	67.9096	1.709259E-01	5000
1	7838517	var_3963	A	T	193	0.0193	0	0.0364043	0.0731399	6.80525	186.935	6.186706E-01	5000
1	7838658	var_3964	A	T	130	0.013	0	0.0814412	0.0890272	10.2754	126.169	3.603021E-01	5000
1	7844363	var_3966	A	T	86	0.0086	0	0.078831	0.108863	6.65174	84.3797	4.689861E-01	5000
1	7847109	var_3968	A	T	184	0.0184	0	0.0440788	0.0748108	7.87591	178.678	5.557250E-01	5000
1	7864191	var_3975	A	T	274	0.0274	0	0.0157737	0.0617516	4.13655	262.243	7.983844E-01	5000
1	7875041	var_3978	A	T	128	0.0128	0	-0.0265871	0.089645	-3.3084	124.437	7.667859E-01	5000
1	7875876	var_3979	A	T	20	0.002	0	-0.255889	0.224557	-5.07458	19.8312	2.544823E-01	5000
UR	UR	gene_31:synonymous:0.05	UR	UR	517.957	0.0517957	0	0.0175137	0.00988253	179.325	10239.1	7.636312E-02	5000
1	7929901	var_4002	A	T	63	0.0063	0	0.0700887	0.12692	4.35099	62.0783	5.807927E-01	5000
1	7942441	var_4007	A	T	273	0.0273	0	-0.0438711	0.0613642	-11.6506	265.565	4.746520E-01	5000
1	7942790	var_4009	A	T	17	0.0017	0	0.0810508	0.243426	1.3678	16.8758	7.391657E-01	5000
1	7944894	var_4012	A	T	21	0.0021	0	-0.242984	0.219032	-5.06481	20.8442	2.672777E-01	5000
1	7947653	var_4013	A	T	23	0.0023	0	-0.283006	0.20921	-6.46593	22.8473	1.761395E-01	5000
1	7948165	var_4014	A	T	12	0.0012	0	-0.43337	0.289341	-5.17652	11.9448	1.341900E-01	5000
1	7953619	var_4019	A	T	118	0.0118	0	0.0882821	0.0925036	10.3171	116.865	3.398992E-01	5000
1	7954881	var_4020	A	T	12	0.0012	0	-0.0460246	0.28932	-0.549838	11.9466	8.736067E-01	5000
1	7959622	var_4023	A	T	22	0.0022	0	0.102163	0.213864	2.23366	21.8638	6.328645E-01	5000
1	7968167	var_4024	A	T	88	0.0088	0	-0.0266352	0.107637	-2.29897	86.3132	8.045570E-01	5000
1	7973815	var_4025	A	T	213	0.0213	0	-0.0572177	0.0688264	-12.0787	211.101	4.057851E-01	5000
UR	UR	gene_32:synonymous:0.05	UR	UR	253.122	0.0253122	0	-0.000252558	0.0139796	-1.29233	5116.95	9.855860E-01	5000
1	8001324	var_4040	A	T	25	0.0025	0	0.0868685	0.200994	2.15029	24.7534	6.655997E-01	5000
1	8006633	var_4041	A	T	17	0.0017	0	0.0167138	0.243318	0.282311	16.8908	9.452354E-01	5000
1	8010221	var_4042	A	T	277	0.0277	0	0.0190107	0.060736	5.15353	271.086	7.542768E-01	5000
1	8026138	var_4048	A	T	478	0.0478	0	0.0198965	0.0472898	8.89694	447.161	6.739486E-01	5000
1	8038253	var_4054	A	T	100	0.01	0	0.134859	0.100153	13.4449	99.6955	1.781290E-01	5000
1	8038869	var_4055	A	T	28	0.0028	0	0.476599	0.189702	13.2438	27.7881	1.199266E-02	5000
1	8040201	var_4057	A	T	32	0.0032	0	-0.155888	0.177653	-4.93932	31.685	3.802227E-01	5000
UR	UR	gene_33:synonymous:0.05	UR	UR	246.332	0.0246332	0	0.00556923	0.0155513	23.0282	4134.89	7.202543E-01	5000
1	8784499	var_4439	A	T	48	0.0048	0	0.0352603	0.145337	1.6693	47.342	8.083070E-01	5000
1	8787239	var_4441	A	T	27	0.0027	0	0.00656495	0.193234	0.175819	26.7815	9.728978E-01	5000
1	8788235	var_4442	A	T	264	0.0264	0	0.0285454	0.0623378	7.3457	257.334	6.470136E-01	5000
1	8791634	var_4443	A	T	31	0.0031	0	0.0109957	0.180405	0.33785	30.7258	9.513992E-01	5000
1	8793455	var_4444	A	T	179	0.0179	0	0.0197712	0.0758794	3.43388	173.681	7.944315E-01	5000
1	8795443	var_4446	A	T	177	0.0177	0	0.00494793	0.0766816	0.841476	170.066	9.485516E-01	5000
1	8810130	var_4452	A	T	37	0.0037	0	-0.165262	0.165119	-6.06147	36.6779	3.168916E-01	5000
1	8813930	var_4454	A	T	306	0.0306	0	0.108245	0.0587503	31.3608	289.721	6.540843E-02	5000
1	8816026	var_4455	A	T	41	0.0041	0	-0.105175	0.157056	-4.26387	40.5406	5.030699E-01	5000
1	8822259	var_4457	A	T	87	0.0087	0	-0.115486	0.108298	-9.84659	85.2624	2.862571E-01	5000
1	8828042	var_4459	A	T	27	0.0027	0	0.428424	0.193165	11.482	26.8005	2.656049E-02	5000
1	8829958	var_4461	A	T	41	0.0041	0	-0.105175	0.157056	-4.26387	40.5406	5.030699E-01	5000
UR	UR	gene_34:synonymous:0.05	UR	UR	101.305	0.0101305	0	0.0162783	0.0307979	17.162	1054.28	5.971150E-01	5000
1	9687332	var_4874	A	T	24	0.0024	0	0.0165086	0.205054	0.39262	23.7828	9.358330E-01	5000
1	9687567	var_4875	A	T	110	0.011	0	0.236478	0.0966206	25.331	107.118	1.438545E-02	5000
1	9688905	var_4876	A	T	366	0.0366	0	0.053837	0.0539315	18.5096	343.807	3.181586E-01	5000
1	9697280	var_4877	A	T	40	0.004	0	-0.0431444	0.158985	-1.70692	39.5629	7.861033E-01	5000
1	9697802	var_4878	A	T	37	0.0037	0	-0.106329	0.165181	-3.89702	36.6506	5.197615E-01	5000
1	9700294	var_4880	A	T	13	0.0013	0	0.543277	0.27796	7.03164	12.943	5.064029E-02	5000
1	9703477	var_4883	A	T	149	0.0149	0	-0.0175735	0.0827193	-2.56829	146.146	8.317579E-01	5000
1	9704529	var_4884	A	T	273	0.0273	0	0.0595403	0.0616563	15.6623	263.054	3.342040E-01	5000
1	9709189	var_4887	A	T	108	0.0108	0	0.0655882	0.0966079	7.02749	107.146	4.971942E-01	5000
1	9710469	var_4888	A	T	161	0.0161	0	-0.10764	0.0796926	-16.9488	157.458	1.767933E-01	5000
1	9717410	var_4892	A	T	17	0.0017	0	0.0928605	0.243283	1.56895	16.8957	7.026857E-01	5000
1	9718522	var_4893	A	T	75	0.0075	0	-0.131234	0.116522	-9.66563	73.6517	2.600552E-01	5000
1	9720013	var_4895	A	T	137	0.0137	0	-0.0382179	0.0867392	-5.07968	132.914	6.594974E-01	5000
1	9726925	var_4900	A	T	43	0.0043	0	0.333523	0.153354	14.182	42.5218	2.964049E-02	5000
UR	UR	gene_35:synonymous:0.05	UR	UR	262.521	0.0262521	0	0.0140419	0.0145977	65.8956	4692.79	3.360873E-01	5000
1	10151334	var_5086	A	T	78	0.0078	0	0.151957	0.114233	11.6449	76.633	1.834411E-01	5000
1	10159096	var_5089	A	T	49	0.0049	0	0.234933	0.140842	11.8436	50.4125	9.530235E-02	5000
1	10175488	var_5094	A	T	82	0.0082	0	-0.227289	0.110184	-18.7214	82.3683	3.913133E-02	5000
1	10177009	var_5095	A	T	68	0.0068	0	0.136931	0.120452	9.43793	68.9246	2.556159E-01	5000
UR	UR	gene_36:synonymous:0.05	UR	UR	215.879	0.0215879	0	0.00460952	0.0164876	16.9566	3678.6	7.798042E-01	5000
1	10282532	var_5141	A	T	392	0.0392	0	-0.0598858	0.0511428	-22.8958	382.324	2.416176E-01	5000
1	10284079	var_5142	A	T	9815	0.9815	0	-1.00674e-05	0.075039	-0.0017879	177.593	9.998930E-01	5000
1	10286053	var_5144	A	T	9815	0.9815	0	-1.00674e-05	0.075039	-0.0017879	177.593	9.998930E-01	5000
1	10287809	var_5145	A	T	185	0.0185	0	1.00674e-05	0.075039	0.0017879	177.593	9.998930E-01	5000
1	10290442	var_5148	A	T	69	0.0069	0	-0.199228	0.119695	-13.9058	69.7984	9.602094E-02	5000
1	10302743	var_5151	A	T	185	0.0185	0	0.0656158	0.0741601	11.9308	181.828	3.762723E-01	5000
1	10306321	var_5154	A	T	120	0.012	0	0.0236858	0.092607	2.76185	116.604	7.981311E-01	5000
1	10324121	var_5163	A	T	71	0.0071	0	-0.0956624	0.119671	-6.67977	69.8265	4.240721E-01	5000
UR	UR	gene_37:synonymous:0.05	UR	UR	312.13	0.031213	0	0.0165421	0.0139655	84.816	5127.27	2.362156E-01	5000
1	10359133	var_5177	A	T	46	0.0046	0	0.214598	0.1451	10.1927	47.4966	1.391503E-01	5000
1	10360230	var_5178	A	T	15	0.0015	0	-0.486761	0.259079	-7.25187	14.8982	6.027054E-02	5000
1	10366180	var_5180	A	T	82	0.0082	0	-0.102726	0.111501	-8.26267	80.4341	3.568948E-01	5000
1	10372995	var_5183	A	T	171	0.0171	0	-0.0865301	0.0765841	-14.7533	170.499	2.585306E-01	5000
1	10375298	var_5184	A	T	12	0.0012	0	-0.0812838	0.289619	-0.969056	11.9219	7.789732E-01	5000
1	10377320	var_5185	A	T	93	0.0093	0	0.108058	0.103696	10.0492	92.9983	2.973824E-01	5000
1	10380767	var_5186	A	T	61	0.0061	0	0.135548	0.129095	8.13339	60.0038	2.937257E-01	5000
1	10382843	var_5187	A	T	410	0.041	0	-0.0417593	0.050052	-16.669	399.169	4.041013E-01	5000
1	10385226	var_5189	A	T	9667	0.9667	0	-0.129762	0.0554401	-42.2181	325.351	1.925400E-02	5000
1	10386905	var_5190	A	T	263	0.0263	0	0.115368	0.0619717	30.0399	260.383	6.265636E-02	5000
1	10387879	var_5191	A	T	76	0.0076	0	0.156429	0.115829	11.6595	74.5353	1.768528E-01	5000
1	10388354	var_5193	A	T	150	0.015	0	-0.0189287	0.0813348	-2.86133	151.164	8.159746E-01	5000
1	10400529	var_5198	A	T	13	0.0013	0	0.075364	0.2781	0.974455	12.93	7.863942E-01	5000
UR	UR	gene_38:synonymous:0.05	UR	UR	409.57	0.040957	0	-0.00686789	0.0118289	-49.0832	7146.76	5.615091E-01	5000
1	10695756	var_5354	A	T	60	0.006	0	-0.0629868	0.130068	-3.72314	59.1099	6.282005E-01	5000
1	10696932	var_5356	A	T	67	0.0067	0	0.0793421	0.123145	5.23205	65.943	5.193811E-01	5000
1	10703582	var_5359	A	T	281	0.0281	0	0.0878069	0.0603373	24.1188	274.68	1.455957E-01	5000
1	10717501	var_5363	A	T	193	0.0193	0	0.0570013	0.0723132	10.9006	191.234	4.305474E-01	5000
1	10717941	var_5364	A	T	103	0.0103	0	0.0283249	0.0978167	2.96034	104.514	7.721445E-01	5000
UR	UR	gene_39:synonymous:0.05	UR	UR	605.523	0.0605523	0	0.000571851	0.0106263	5.06431	8855.99	9.570827E-01	5000
1	10892222	var_5448	A	T	20	0.002	0	-0.0614373	0.224632	-1.21756	19.8179	7.844672E-01	5000
1	10892472	var_5449	A	T	424	0.0424	0	0.0557207	0.0497313	22.5298	404.334	2.625286E-01	5000
1	10894307	var_5450	A	T	11	0.0011	0	0.116242	0.302251	1.27241	10.9463	7.005431E-01	5000
1	10897047	var_5453	A	T	107	0.0107	0	0.0957297	0.0960557	10.3753	108.381	3.189559E-01	5000
1	10897703	var_5455	A	T	22	0.0022	0	0.113428	0.21392	2.47867	21.8523	5.959482E-01	5000
1	10898106	var_5456	A	T	276	0.0276	0	-0.12214	0.0608435	-32.9935	270.129	4.470279E-02	5000
1	10899659	var_5457	A	T	9724	0.9724	0	0.12214	0.0608435	32.9935	270.129	4.470279E-02	5000
1	10903172	var_5458	A	T	60	0.006	0	0.13583	0.130021	8.03464	59.1523	2.961741E-01	5000
1	10903980	var_5459	A	T	276	0.0276	0	-0.12214	0.0608435	-32.9935	270.129	4.470279E-02	5000
1	10905475	var_5460	A	T	157	0.0157	0	-0.109075	0.0802081	-16.9547	155.44	1.738607E-01	5000
1	10906848	var_5461	A	T	276	0.0276	0	-0.12214	0.0608435	-32.9935	270.129	4.470279E-02	5000
1	10908980	var_5462	A	T	9724	0.9724	0	0.12214	0.0608435	32.9935	270.129	4.470279E-02	5000
1	10911661	var_5463	A	T	32	0.0032	0	-0.0422028	0.172369	-1.42044	33.6575	8.065807E-01	5000
1	10913494	var_5464	A	T	26	0.0026	0	0.195249	0.196894	5.03641	25.7948	3.213722E-01	5000
1	10914546	var_5465	A	T	278	0.0278	0	-0.0319231	0.060655	-8.67705	271.811	5.986755E-01	5000
1	10915009	var_5466	A	T	174	0.0174	0	-0.0785706	0.0768877	-13.2907	169.156	3.068337E-01	5000
1	10916583	var_5467	A	T	141	0.0141	0	-0.0131054	0.0849521	-1.81595	138.564	8.773980E-01	5000
1	10917292	var_5468	A	T	12	0.0012	0	0.423486	0.289396	5.05655	11.9403	1.433730E-01	5000
1	10917820	var_5469	A	T	12	0.0012	0	0.423486	0.289396	5.05655	11.9403	1.433730E-01	5000
1	10918433	var_5471	A	T	406	0.0406	0	-0.0102069	0.05116	-3.89971	382.067	8.418647E-01	5000
1	10923860	var_5473	A	T	406	0.0406	0	-0.0102069	0.05116	-3.89971	382.067	8.418647E-01	5000
1	10924596	var_5474	A	T	50	0.005	0	-0.0153231	0.127615	-0.940891	61.4037	9.044260E-01	5000
1	10929304	var_5478	A	T	17	0.0017	0	-0.141029	0.24323	-2.38384	16.9031	5.620363E-01	5000
1	10933408	var_5481	A	T	15	0.0015	0	-0.34806	0.258842	-5.19497	14.9255	1.787290E-01	5000
1	10934008	var_5482	A	T	141	0.0141	0	-0.0131054	0.0849521	-1.81595	138.564	8.773980E-01	5000
1	10937259	var_5483	A	T	17	0.0017	0	0.0705919	0.243341	1.19213	16.8876	7.717441E-01	5000
UR	UR	gene_40:synonymous:0.05	UR	UR	392.862	0.0392862	0	-0.0285704	0.01231	-188.539	6599.12	2.029154E-02	5000
1	10975637	var_5500	A	T	23	0.0023	0	-0.55885	0.209398	-12.7454	22.8064	7.611222E-03	5000
1	10975906	var_5501	A	T	435	0.0435	0	-0.0808677	0.0487805	-33.9847	420.25	9.736011E-02	5000
1	10976748	var_5502	A	T	308	0.0308	0	-0.0417069	0.0588884	-12.0267	288.363	4.787988E-01	5000
1	10989389	var_5511	A	T	15	0.0015	0	-0.442329	0.258859	-6.60112	14.9235	8.749518E-02	5000
1	10990598	var_5512	A	T	282	0.0282	0	-0.14954	0.0602484	-41.1971	275.492	1.306255E-02	5000
1	10990677	var_5513	A	T	64	0.0064	0	-0.182781	0.124072	-11.8736	64.9606	1.407014E-01	5000
1	10999939	var_5515	A	T	64	0.0064	0	-0.182781	0.124072	-11.8736	64.9606	1.407014E-01	5000
1	11004706	var_5517	A	T	302	0.0302	0	-0.0557551	0.0584359	-16.3277	292.847	3.400209E-01	5000
1	11010388	var_5522	A	T	40	0.004	0	0.0928788	0.15911	3.66878	39.5008	5.593954E-01	5000
1	11022108	var_5526	A	T	82	0.0082	0	0.101374	0.111562	8.1451	80.3472	3.635191E-01	5000
UR	UR	gene_41:synonymous:0.05	UR	UR	583.655	0.0583655	0	-0.00523433	0.00974288	-55.1425	10534.8	5.910971E-01	5000
1	11199134	var_5597	A	T	21	0.0021	0	0.216322	0.219108	4.50592	20.8297	3.235036E-01	5000
1	11202806	var_5599	A	T	68	0.0068	0	0.0072742	0.122254	0.486701	66.9079	9.525531E-01	5000
1	11202990	var_5600	A	T	241	0.0241	0	0.0171801	0.0658257	3.96494	230.786	7.940966E-01	5000
1	11204334	var_5602	A	T	54	0.0054	0	-0.181686	0.136952	-9.68697	53.3171	1.846258E-01	5000
1	11209161	var_5604	A	T	28	0.0028	0	-0.0431067	0.189759	-1.19713	27.7712	8.202949E-01	5000
1	11225580	var_5609	A	T	140	0.014	0	0.00627655	0.0858781	0.851052	135.592	9.417371E-01	5000
1	11235725	var_5614	A	T	95	0.0095	0	0.132348	0.101609	12.819	96.8581	1.927384E-01	5000
1	11237040	var_5616	A	T	15	0.0015	0	-0.119306	0.25901	-1.77841	14.9062	6.450681E-01	5000
UR	UR	gene_42:synonymous:0.05	UR	UR	567.299	0.0567299	0	-0.0154067	0.0104158	-142.012	9217.52	1.390949E-01	5000
1	11252907	var_5622	A	T	95	0.0095	0	0.132348	0.101609	12.819	96.8581	1.927384E-01	5000
1	11259690	var_5624	A	T	43	0.0043	0	0.121987	0.153359	5.18674	42.519	4.263622E-01	5000
1	11268276	var_5627	A	T	19	0.0019	0	0.233099	0.230096	4.40272	18.8877	3.110361E-01	5000
1	11271777	var_5629	A	T	109	0.0109	0	0.0592519	0.0969651	6.3019	106.358	5.411571E-01	5000
1	11280901	var_5632	A	T	304	0.0304	0	0.0399944	0.0583452	11.7487	293.758	4.930417E-01	5000
1	11281543	var_5633	A	T	120	0.012	0	0.0355176	0.0910351	4.28574	120.665	6.964235E-01	5000
1	11286447	var_5635	A	T	372	0.0372	0	-0.0150756	0.0531621	-5.33421	353.831	7.767339E-01	5000
1	11287210	var_5636	A	T	85	0.0085	0	-0.00422224	0.109584	-0.351603	83.274	9.692652E-01	5000
1	11290355	var_5637	A	T	304	0.0304	0	-0.095414	0.0588504	-27.5495	288.736	1.049537E-01	5000
1	11297723	var_5640	A	T	78	0.0078	0	0.103995	0.11428	7.96283	76.5697	3.628254E-01	5000
1	11300394	var_5641	A	T	39	0.0039	0	-0.501235	0.160966	-19.3452	38.595	1.846219E-03	5000
UR	UR	gene_43:synonymous:0.05	UR	UR	455.449	0.0455449	0	0.00217965	0.0107721	18.7838	8617.81	8.396494E-01	5000
1	11908156	var_5978	A	T	144	0.0144	0	0.0643082	0.0840605	9.10087	141.52	4.442578E-01	5000
1	11908383	var_5980	A	T	14	0.0014	0	-0.318628	0.268025	-4.43538	13.9203	2.345200E-01	5000
1	11908790	var_5981	A	T	101	0.0101	0	-0.0640633	0.0997015	-6.44475	100.6	5.205157E-01	5000
1	11910691	var_5982	A	T	25	0.0025	0	-0.182463	0.200744	-4.52783	24.815	3.633850E-01	5000
1	11920109	var_5987	A	T	16	0.0016	0	0.0169458	0.250668	0.269689	15.9148	9.461021E-01	5000
1	11927307	var_5990	A	T	43	0.0043	0	-0.0491322	0.153391	-2.08817	42.5011	7.487359E-01	5000
1	11928119	var_5991	A	T	11	0.0011	0	-0.193858	0.302216	-2.12251	10.9488	5.212270E-01	5000
1	11928888	var_5993	A	T	32	0.0032	0	-0.0173921	0.177802	-0.550149	31.6321	9.220774E-01	5000
1	11934659	var_5994	A	T	111	0.0111	0	-0.127965	0.0944003	-14.3596	112.215	1.752414E-01	5000
1	11937256	var_5997	A	T	366	0.0366	0	-0.0690493	0.0530063	-24.5756	355.914	1.926900E-01	5000
1	11941650	var_6000	A	T	82	0.0082	0	-0.130151	0.111458	-10.4768	80.4973	2.429223E-01	5000
1	11949944	var_6003	A	T	27	0.0027	0	0.210204	0.193313	5.62497	26.7596	2.768699E-01	5000
1	11951001	var_6006	A	T	27	0.0027	0	-0.0585439	0.193415	-1.56495	26.7313	7.621295E-01	5000
UR	UR	gene_44:synonymous:0.05	UR	UR	190.752	0.0190752	0	-0.0123585	0.0163659	-46.1412	3733.55	4.501647E-01	5000
1	12029218	var_6045	A	T	352	0.0352	0	-0.179813	0.0545228	-60.4874	336.39	9.739522E-04	5000
1	12034329	var_6047	A	T	13	0.0013	0	-0.017897	0.277985	-0.231599	12.9407	9.486667E-01	5000
1	12036314	var_6049	A	T	110	0.011	0	0.177482	0.0956047	19.4176	109.406	6.339497E-02	5000
1	12043500	var_6054	A	T	12	0.0012	0	-0.607001	0.289396	-7.24777	11.9403	3.595148E-02	5000
1	12052835	var_6058	A	T	34	0.0034	0	0.149904	0.172305	5.04916	33.6826	3.843040E-01	5000
1	12054300	var_6059	A	T	55	0.0055	0	-0.0951921	0.135859	-5.15733	54.1781	4.835095E-01	5000
1	12057381	var_6060	A	T	16	0.0016	0	-0.0331344	0.250563	-0.52777	15.9282	8.947947E-01	5000
1	12063478	var_6064	A	T	391	0.0391	0	0.00556933	0.0510903	2.13366	383.11	9.131950E-01	5000
1	12064371	var_6065	A	T	369	0.0369	0	-0.152556	0.053234	-53.8334	352.876	4.160036E-03	5000
UR	UR	gene_45:synonymous:0.05	UR	UR	462.574	0.0462574	0	0.00886432	0.0101345	86.3062	9736.36	3.817538E-01	5000
1	12348568	var_6203	A	T	15	0.0015	0	0.124204	0.258933	1.85251	14.9151	6.314579E-01	5000
1	12351296	var_6206	A	T	112	0.0112	0	-0.165137	0.0957046	-18.0293	109.178	8.444019E-02	5000
1	12359664	var_6210	A	T	17	0.0017	0	0.394728	0.243304	6.66806	16.8928	1.047250E-01	5000
1	12362060	var_6211	A	T	24	0.0024	0	0.160537	0.204954	3.82175	23.8061	4.334606E-01	5000
1	12362402	var_6212	A	T	37	0.0037	0	-0.0734244	0.165312	-2.68679	36.5926	6.569287E-01	5000
1	12372852	var_6221	A	T	149	0.0149	0	0.0840506	0.0827161	12.2846	146.157	3.095660E-01	5000
1	12374761	var_6222	A	T	450	0.045	0	-0.0425137	0.0486946	-17.9295	421.734	3.826260E-01	5000
1	12376666	var_6223	A	T	224	0.0224	0	0.102635	0.0675335	22.5039	219.261	1.285693E-01	5000
1	12378503	var_6224	A	T	36	0.0036	0	-0.0242949	0.16758	-0.865106	35.6085	8.847308E-01	5000
1	12380485	var_6225	A	T	38	0.0038	0	-0.0608541	0.163224	-2.28414	37.5346	7.092781E-01	5000
1	12386122	var_6232	A	T	291	0.0291	0	-0.00378619	0.059185	-1.08088	285.48	9.489924E-01	5000
1	12387173	var_6233	A	T	13	0.0013	0	0.414413	0.278182	5.35519	12.9224	1.362986E-01	5000
1	12393060	var_6238	A	T	161	0.0161	0	-0.0575336	0.0802047	-8.9438	155.454	4.731678E-01	5000
1	12394742	var_6239	A	T	19	0.0019	0	0.0293644	0.230351	0.553402	18.846	8.985631E-01	5000
1	12394909	var_6240	A	T	92	0.0092	0	-0.012734	0.105362	-1.14709	90.081	9.038024E-01	5000
1	12395265	var_6242	A	T	59	0.0059	0	-0.0953151	0.131139	-5.54243	58.1485	4.673322E-01	5000
UR	UR	gene_46:synonymous:0.05	UR	UR	470.965	0.0470965	0	0.00304665	0.0116903	22.2931	7317.27	7.943907E-01	5000
1	12493944	var_6288	A	T	319	0.0319	0	-0.0158733	0.0570196	-4.88223	307.576	7.807186E-01	5000
1	12494237	var_6289	A	T	123	0.0123	0	-0.0776625	0.0914467	-9.287	119.582	3.957338E-01	5000
1	12496766	var_6290	A	T	311	0.0311	0	0.106797	0.0569462	32.933	308.369	6.073649E-02	5000
1	12498365	var_6291	A	T	106	0.0106	0	-0.0639419	0.0983058	-6.61649	103.477	5.154085E-01	5000
1	12503267	var_6293	A	T	123	0.0123	0	-0.0776625	0.0914467	-9.287	119.582	3.957338E-01	5000
1	12505854	var_6297	A	T	153	0.0153	0	0.00109427	0.0811425	0.166198	151.881	9.892403E-01	5000
1	12508828	var_6298	A	T	19	0.0019	0	0.201334	0.230245	3.79782	18.8633	3.818838E-01	5000
1	12509888	var_6300	A	T	104	0.0104	0	-0.048619	0.0982648	-5.03512	103.563	6.207586E-01	5000
1	12514861	var_6307	A	T	205	0.0205	0	0.00878899	0.0710514	1.74098	198.086	9.015536E-01	5000
1	12527137	var_6314	A	T	296	0.0296	0	-0.0133831	0.0583422	-3.9318	293.788	8.185657E-01	5000
1	12528278	var_6315	A	T	92	0.0092	0	-0.0170607	0.105321	-1.53803	90.1505	8.713163E-01	5000
1	12535326	var_6319	A	T	14	0.0014	0	0.34324	0.268251	4.76996	13.8969	2.007049E-01	5000
UR	UR	gene_47:synonymous:0.05	UR	UR	508.373	0.0508373	0	-0.00323737	0.00984958	-33.3701	10307.8	7.423968E-01	5000
1	12729703	var_6401	A	T	29	0.0029	0	0.212742	0.186485	6.11734	28.7548	2.539553E-01	5000
1	12741029	var_6406	A	T	36	0.0036	0	0.148477	0.167447	5.29546	35.6652	3.752357E-01	5000
1	12743559	var_6407	A	T	11	0.0011	0	0.0805017	0.302391	0.880374	10.9361	7.900719E-01	5000
1	12749758	var_6408	A	T	24	0.0024	0	-0.014584	0.204834	-0.347594	23.834	9.432394E-01	5000
1	12753281	var_6409	A	T	21	0.0021	0	-0.32264	0.219076	-6.7225	20.8359	1.408224E-01	5000
1	12756471	var_6412	A	T	47	0.0047	0	0.0773022	0.146768	3.58861	46.4231	5.984056E-01	5000
1	12761434	var_6413	A	T	9585	0.9585	0	-0.0651245	0.0503916	-25.6465	393.807	1.962300E-01	5000
1	12762350	var_6414	A	T	415	0.0415	0	0.0651245	0.0503916	25.6465	393.807	1.962300E-01	5000
1	12762773	var_6415	A	T	415	0.0415	0	0.0651245	0.0503916	25.6465	393.807	1.962300E-01	5000
1	12766674	var_6417	A	T	15	0.0015	0	-0.318022	0.258811	-4.7478	14.9292	2.191532E-01	5000
1	12766791	var_6418	A	T	31	0.0031	0	-0.175764	0.180404	-5.40054	30.7261	3.299184E-01	5000
1	12771993	var_6419	A	T	11	0.0011	0	0.306022	0.302725	3.33931	10.912	3.120678E-01	5000
1	12773696	var_6420	A	T	14	0.0014	0	-0.0251498	0.268089	-0.349926	13.9137	9.252590E-01	5000
UR	UR	gene_48:synonymous:0.05	UR	UR	271.805	0.0271805	0	-0.0236432	0.0171551	-80.3375	3397.9	1.681412E-01	5000
1	1721082	var_810	A	T	46	0.0046	0	-0.126236	0.148309	-5.73916	45.4636	3.946748E-01	5000
1	1725144	var_812	A	T	11	0.0011	0	-0.203436	0.302491	-2.22332	10.9288	5.012430E-01	5000
1	1728282	var_814	A	T	443	0.0443	0	-0.0491468	0.0486897	-20.731	421.819	3.127888E-01	5000
1	1730405	var_816	A	T	308	0.0308	0	0.0460464	0.0573718	13.9894	303.811	4.222082E-01	5000
1	1738968	var_820	A	T	366	0.0366	0	-0.0773884	0.0531735	-27.3707	353.679	1.455598E-01	5000
1	1742845	var_824	A	T	107	0.0107	0	0.0954069	0.0969786	10.1444	106.328	3.252171E-01	5000
1	1754284	var_827	A	T	52	0.0052	0	0.0674342	0.139648	3.45789	51.278	6.291758E-01	5000
1	1762982	var_832	A	T	12	0.0012	0	-0.240628	0.289512	-2.87088	11.9308	4.058875E-01	5000
1	1767068	var_834	A	T	367	0.0367	0	0.0505692	0.0537966	17.4734	345.534	3.472135E-01	5000
UR	UR	gene_5:synonymous:0.05	UR	UR	199.095	0.0199095	0	0.0242872	0.0177299	77.2613	3181.16	1.707372E-01	5000
1	13075668	var_6551	A	T	18	0.0018	0	-0.0170791	0.236362	-0.305709	17.8996	9.423966E-01	5000
1	13086105	var_6554	A	T	17	0.0017	0	-0.236865	0.243394	-3.99833	16.8802	3.304679E-01	5000
1	13086347	var_6555	A	T	17	0.0017	0	0.124449	0.243369	2.10117	16.8838	6.090993E-01	5000
1	13090516	var_6558	A	T	218	0.0218	0	-0.112719	0.0686954	-23.8858	211.907	1.008296E-01	5000
1	13092209	var_6559	A	T	124	0.0124	0	-0.0489013	0.0903154	-5.9951	122.596	5.881971E-01	5000
1	13095277	var_6561	A	T	205	0.0205	0	0.00945985	0.0707132	1.89184	199.986	8.935783E-01	5000
1	13097945	var_6562	A	T	21	0.0021	0	0.261997	0.21916	5.45471	20.8198	2.319085E-01	5000
1	13098205	var_6563	A	T	49	0.0049	0	0.0457671	0.143795	2.21343	48.3629	7.502721E-01	5000
1	13098221	var_6564	A	T	15	0.0015	0	0.193853	0.258931	2.89138	14.9153	4.540575E-01	5000
1	13106295	var_6568	A	T	14	0.0014	0	-0.229522	0.268072	-3.19391	13.9155	3.918892E-01	5000
1	13108299	var_6569	A	T	53	0.0053	0	0.204691	0.135873	11.0874	54.1666	1.319428E-01	5000
1	13110304	var_6571	A	T	80	0.008	0	0.106323	0.113014	8.32462	78.2957	3.468096E-01	5000
1	13119831	var_6575	A	T	11	0.0011	0	-0.255137	0.302167	-2.79435	10.9523	3.984690E-01	5000
1	13121461	var_6577	A	T	247	0.0247	0	-0.0460065	0.0640056	-11.2301	244.098	4.722713E-01	5000
UR	UR	gene_50:synonymous:0.05	UR	UR	543.598	0.0543598	0	0.00506806	0.0102763	47.9921	9469.52	6.218853E-01	5000
1	14003416	var_6973	A	T	24	0.0024	0	0.0357012	0.204932	0.850086	23.8112	8.617006E-01	5000
1	14006939	var_6977	A	T	16	0.0016	0	0.125287	0.251273	1.98432	15.8383	6.180558E-01	5000
1	14012986	var_6980	A	T	30	0.003	0	0.09155	0.183283	2.72529	29.7683	6.174273E-01	5000
1	14023595	var_6984	A	T	393	0.0393	0	0.0177375	0.0515757	6.6681	375.933	7.309126E-01	5000
1	14039224	var_6988	A	T	385	0.0385	0	0.0287822	0.05205	10.6239	369.112	5.802829E-01	5000
1	14042741	var_6989	A	T	22	0.0022	0	-0.147875	0.213913	-3.23162	21.8536	4.893859E-01	5000
1	14044974	var_6991	A	T	125	0.0125	0	0.150539	0.0885973	19.1782	127.397	8.929394E-02	5000
UR	UR	gene_51:synonymous:0.05	UR	UR	27.4249	0.00274249	0	-0.00410754	0.0433048	-2.19033	533.247	9.244325E-01	5000
1	14424010	var_7166	A	T	41	0.0041	0	-0.0538725	0.157244	-2.17881	40.4438	7.318960E-01	5000
1	14433077	var_7170	A	T	308	0.0308	0	-0.0532912	0.0583068	-15.6753	294.145	3.607278E-01	5000
1	14433668	var_7172	A	T	151	0.0151	0	0.0715334	0.0816674	10.7254	149.935	3.810781E-01	5000
1	14436220	var_7175	A	T	23	0.0023	0	0.288029	0.209267	6.57712	22.8349	1.687059E-01	5000
1	14436516	var_7176	A	T	167	0.0167	0	0.00249125	0.0788188	0.401013	160.968	9.747852E-01	5000
1	14448116	var_7180	A	T	133	0.0133	0	-0.0955849	0.0880142	-12.3391	129.09	2.774716E-01	5000
1	14452046	var_7181	A	T	230	0.023	0	0.213086	0.0664296	48.2872	226.609	1.338016E-03	5000
1	14459561	var_7186	A	T	230	0.023	0	0.213086	0.0664296	48.2872	226.609	1.338016E-03	5000
1	14464067	var_7188	A	T	29	0.0029	0	-0.00924959	0.186697	-0.265367	28.6896	9.604863E-01	5000
1	14465806	var_7191	A	T	166	0.0166	0	-0.0590227	0.078587	-9.55691	161.919	4.526231E-01	5000
1	14467532	var_7192	A	T	24	0.0024	0	0.065609	0.204898	1.56274	23.819	7.488145E-01	5000
1	14469724	var_7197	A	T	50	0.005	0	-0.0741598	0.139521	-3.80968	51.3712	5.950510E-01	5000
UR	UR	gene_52:synonymous:0.05	UR	UR	92.283	0.0092283	0	-0.00929733	0.026091	-13.6576	1468.99	7.215844E-01	5000
1	15175788	var_7589	A	T	328	0.0328	0	-0.138829	0.0562586	-43.8633	315.953	1.359880E-02	5000
1	15177948	var_7590	A	T	46	0.0046	0	0.128766	0.148459	5.84232	45.3717	3.857524E-01	5000
1	15183034	var_7593	A	T	457	0.0457	0	0.0251725	0.0477769	11.0278	438.09	5.982796E-01	5000
1	15188992	var_7597	A	T	500	0.05	0	0.00841202	0.0456155	4.04274	480.591	8.536906E-01	5000
1	15205858	var_7602	A	T	13	0.0013	0	-0.0090934	0.278044	-0.117625	12.9352	9.739100E-01	5000
1	15212583	var_7606	A	T	244	0.0244	0	0.00277153	0.065417	0.647646	233.678	9.662061E-01	5000
1	15221119	var_7614	A	T	409	0.0409	0	-0.0644713	0.0505995	-25.1811	390.578	2.026103E-01	5000
UR	UR	gene_53:synonymous:0.05	UR	UR	650.534	0.0650534	0	0.0103242	0.0100356	102.512	9929.22	3.035907E-01	5000
1	15786251	var_7894	A	T	261	0.0261	0	-0.00857201	0.0627213	-2.17898	254.197	8.912930E-01	5000
1	15788819	var_7896	A	T	40	0.004	0	-0.2393	0.159015	-9.46383	39.548	1.323525E-01	5000
1	15797330	var_7899	A	T	19	0.0019	0	-0.105935	0.230225	-1.99864	18.8666	6.454175E-01	5000
1	15807742	var_7905	A	T	35	0.0035	0	-0.128608	0.169959	-4.45222	34.6186	4.492318E-01	5000
1	15808756	var_7906	A	T	45	0.0045	0	-0.119222	0.149866	-5.30824	44.524	4.263087E-01	5000
1	15811790	var_7907	A	T	226	0.0226	0	-0.045949	0.0666377	-10.3475	225.196	4.904866E-01	5000
1	15819628	var_7909	A	T	21	0.0021	0	-0.312797	0.218883	-6.52886	20.8725	1.529875E-01	5000
1	15820978	var_7910	A	T	31	0.0031	0	-0.369497	0.180412	-11.3523	30.7235	4.055226E-02	5000
1	15828659	var_7913	A	T	231	0.0231	0	0.0149649	0.0671935	3.31451	221.486	8.237585E-01	5000
1	15831256	var_7916	A	T	99	0.0099	0	-0.128511	0.101657	-12.4355	96.7662	2.061740E-01	5000
UR	UR	gene_54:synonymous:0.05	UR	UR	175.629	0.0175629	0	0.00429294	0.0200358	10.694	2491.07	8.303417E-01	5000
1	16075979	var_8020	A	T	79	0.0079	0	-0.0102618	0.113561	-0.795728	77.5424	9.279980E-01	5000
1	16076819	var_8021	A	T	23	0.0023	0	0.0941693	0.209317	2.14933	22.8241	6.527902E-01	5000
1	16088568	var_8026	A	T	413	0.0413	0	-0.0378042	0.050638	-14.7431	389.984	4.553299E-01	5000
1	16089798	var_8027	A	T	396	0.0396	0	0.039302	0.051182	15.0031	381.738	4.425539E-01	5000
1	16099925	var_8032	A	T	20	0.002	0	-0.193017	0.224467	-3.83081	19.8471	3.898501E-01	5000
1	16100995	var_8034	A	T	22	0.0022	0	0.12617	0.213819	2.75972	21.873	5.551371E-01	5000
1	16106836	var_8038	A	T	204	0.0204	0	0.276503	0.0697883	56.7719	205.321	7.431867E-05	5000
1	16109015	var_8039	A	T	36	0.0036	0	0.0952163	0.167432	3.3965	35.6715	5.695700E-01	5000
1	16110740	var_8040	A	T	427	0.0427	0	-0.0534252	0.0498938	-21.4612	401.705	2.842685E-01	5000
UR	UR	gene_55:synonymous:0.05	UR	UR	522.191	0.0522191	0	0.0172404	0.00981826	178.846	10373.6	7.909635E-02	5000
1	16756226	var_8373	A	T	30	0.003	0	-0.167611	0.183396	-4.9834	29.7319	3.607519E-01	5000
1	16758624	var_8374	A	T	135	0.0135	0	0.0484812	0.0860795	6.54295	134.959	5.732891E-01	5000
1	16772075	var_8383	A	T	60	0.006	0	0.069285	0.130029	4.09787	59.1451	5.941428E-01	5000
1	16774367	var_8385	A	T	33	0.0033	0	-0.151448	0.174821	-4.95535	32.7198	3.863255E-01	5000
1	16777600	var_8387	A	T	408	0.0408	0	-0.0668145	0.0505689	-26.1278	391.05	1.864161E-01	5000
1	16779999	var_8390	A	T	28	0.0028	0	-0.319655	0.189913	-8.86284	27.7263	9.234283E-02	5000
1	16780304	var_8391	A	T	333	0.0333	0	-0.0102061	0.0557545	-3.28323	321.692	8.547549E-01	5000
1	16788201	var_8393	A	T	17	0.0017	0	-0.0517301	0.243208	-0.874557	16.9062	8.315617E-01	5000
1	16790424	var_8395	A	T	58	0.0058	0	-0.0815261	0.132301	-4.65768	57.1312	5.377519E-01	5000
1	16791327	var_8396	A	T	9566	0.9566	0	-0.02435	0.049211	-10.0548	412.929	6.207364E-01	5000
1	16799126	var_8397	A	T	110	0.011	0	0.0310166	0.0948686	3.44627	111.111	7.437109E-01	5000
UR	UR	gene_56:synonymous:0.05	UR	UR	406.813	0.0406813	0	0.0227734	0.0122913	150.742	6619.22	6.390978E-02	5000
1	16823446	var_8412	A	T	49	0.0049	0	-0.0171863	0.143734	-0.831879	48.4037	9.048241E-01	5000
1	16825912	var_8413	A	T	134	0.0134	0	0.025033	0.0863852	3.35454	134.005	7.719822E-01	5000
1	16832223	var_8415	A	T	78	0.0078	0	-0.133668	0.112901	-10.4866	78.4526	2.364338E-01	5000
1	16835588	var_8418	A	T	435	0.0435	0	0.0633532	0.0496344	25.7159	405.914	2.018160E-01	5000
1	16846770	var_8419	A	T	32	0.0032	0	0.0799846	0.17797	2.5253	31.5724	6.531233E-01	5000
1	16848257	var_8421	A	T	130	0.013	0	0.0609029	0.088238	7.82216	128.437	4.900612E-01	5000
1	16852907	var_8422	A	T	130	0.013	0	0.0609029	0.088238	7.82216	128.437	4.900612E-01	5000
1	16853962	var_8424	A	T	14	0.0014	0	-0.305266	0.267815	-4.25608	13.9422	2.543527E-01	5000
1	16854707	var_8426	A	T	61	0.0061	0	0.1804	0.12904	10.834	60.0557	1.621066E-01	5000
1	16856481	var_8429	A	T	49	0.0049	0	0.0163423	0.143758	0.790773	48.3881	9.094918E-01	5000
1	16859821	var_8430	A	T	358	0.0358	0	-0.0393854	0.0531809	-13.9259	353.58	4.589404E-01	5000
1	16865625	var_8433	A	T	24	0.0024	0	0.0666308	0.205048	1.58477	23.7843	7.452170E-01	5000
1	16866724	var_8435	A	T	59	0.0059	0	-0.257859	0.131119	-14.9985	58.1655	4.922943E-02	5000
1	16866990	var_8436	A	T	38	0.0038	0	-0.143703	0.16313	-5.4001	37.5781	3.783636E-01	5000
1	16870359	var_8441	A	T	47	0.0047	0	-0.0946371	0.146782	-4.39252	46.4144	5.190926E-01	5000
UR	UR	gene_57:synonymous:0.05	UR	UR	164.396	0.0164396	0	0.0174593	0.019718	44.9058	2572.02	3.759130E-01	5000
1	16928970	var_8472	A	T	41	0.0041	0	-0.0122996	0.153296	-0.523399	42.5541	9.360506E-01	5000
1	16930202	var_8475	A	T	46	0.0046	0	0.0762001	0.148413	3.45948	45.3999	6.076493E-01	5000
1	16939629	var_8483	A	T	13	0.0013	0	-0.0598879	0.278108	-0.774306	12.9293	8.295019E-01	5000
1	16946448	var_8488	A	T	188	0.0188	0	0.106479	0.0740321	19.4279	182.457	1.503534E-01	5000
1	16947182	var_8489	A	T	66	0.0066	0	0.0619309	0.12414	4.01871	64.8902	6.178632E-01	5000
1	16948397	var_8490	A	T	68	0.0068	0	0.102528	0.122232	6.86241	66.9318	4.015797E-01	5000
1	16956735	var_8491	A	T	353	0.0353	0	0.0155817	0.0544599	5.25364	337.168	7.747919E-01	5000
1	16956801	var_8492	A	T	20	0.002	0	0.488259	0.224304	9.70456	19.8758	2.949745E-02	5000
1	16957279	var_8493	A	T	16	0.0016	0	0.426419	0.250633	6.7883	15.9193	8.887348E-02	5000
1	16960272	var_8497	A	T	12	0.0012	0	0.588921	0.289377	7.03281	11.9419	4.183745E-02	5000
1	16964101	var_8500	A	T	13	0.0013	0	-0.0213144	0.278224	-0.27535	12.9185	9.389347E-01	5000
1	16970344	var_8504	A	T	390	0.039	0	-0.0313658	0.0516632	-11.7515	374.66	5.437707E-01	5000
1	16974732	var_8505	A	T	95	0.0095	0	0.00305176	0.103811	0.283182	92.7931	9.765477E-01	5000
UR	UR	gene_58:synonymous:0.05	UR	UR	601.607	0.0601607	0	-0.00883938	0.00931924	-101.78	11514.3	3.428705E-01	5000
1	16989283	var_8513	A	T	240	0.024	0	0.0448989	0.065369	10.5073	234.022	4.921754E-01	5000
1	16993692	var_8515	A	T	154	0.0154	0	0.027544	0.0815107	4.14571	150.512	7.354239E-01	5000
1	17001155	var_8520	A	T	11	0.0011	0	-0.225046	0.302309	-2.46246	10.942	4.566197E-01	5000
1	17003945	var_8522	A	T	18	0.0018	0	0.20098	0.236405	3.59616	17.8932	3.952413E-01	5000
1	17008534	var_8527	A	T	28	0.0028	0	-0.171246	0.189827	-4.75232	27.7514	3.669943E-01	5000
1	17015832	var_8533	A	T	349	0.0349	0	-0.0409905	0.0545579	-13.7711	335.957	4.524592E-01	5000
1	17019746	var_8534	A	T	77	0.0077	0	-0.209265	0.113516	-16.24	77.6049	6.525700E-02	5000
1	17025197	var_8536	A	T	410	0.041	0	-0.0591249	0.0505764	-23.1139	390.934	2.423952E-01	5000
1	17025884	var_8537	A	T	28	0.0028	0	0.156659	0.189937	4.34248	27.7194	4.094876E-01	5000
UR	UR	gene_59:synonymous:0.05	UR	UR	620.546	0.0620546	0	-0.0115616	0.0109843	-95.8233	8288.03	2.925444E-01	5000
1	1819751	var_858	A	T	117	0.0117	0	0.0488435	0.0936567	5.56838	114.005	6.020072E-01	5000
1	1822496	var_861	A	T	293	0.0293	0	0.0917942	0.059695	25.7596	280.623	1.241172E-01	5000
1	1822796	var_863	A	T	293	0.0293	0	0.0917942	0.059695	25.7596	280.623	1.241172E-01	5000
1	1834451	var_867	A	T	288	0.0288	0	0.0359238	0.0603192	9.8735	274.846	5.514683E-01	5000
1	1847647	var_876	A	T	353	0.0353	0	0.0320683	0.0539979	10.9982	342.962	5.525927E-01	5000
1	1848439	var_877	A	T	15	0.0015	0	-0.0299231	0.24321	-0.505877	16.9059	9.020801E-01	5000
1	1848659	var_879	A	T	60	0.006	0	0.203046	0.130161	11.9848	59.0253	1.187697E-01	5000
1	1854830	var_882	A	T	11	0.0011	0	-0.0573702	0.302227	-0.628088	10.948	8.494462E-01	5000
1	1860764	var_885	A	T	441	0.0441	0	-0.0487072	0.0490698	-20.2285	415.308	3.208998E-01	5000
UR	UR	gene_6:synonymous:0.05	UR	UR	398.281	0.0398281	0	0.00524278	0.0124715	33.7072	6429.27	6.742078E-01	5000
1	17138245	var_8596	A	T	328	0.0328	0	-0.0200369	0.056642	-6.24531	311.69	7.235288E-01	5000
1	17142311	var_8597	A	T	328	0.0328	0	-0.0200369	0.056642	-6.24531	311.69	7.235288E-01	5000
1	17142714	var_8598	A	T	72	0.0072	0	0.0495497	0.118893	3.50534	70.744	6.768541E-01	5000
1	17144679	var_8600	A	T	24	0.0024	0	-0.106957	0.20501	-2.54485	23.7931	6.018664E-01	5000
1	17148876	var_8602	A	T	12	0.0012	0	0.103927	0.289595	1.23922	11.9239	7.196918E-01	5000
1	17152816	var_8604	A	T	74	0.0074	0	0.110021	0.117309	7.99486	72.6668	3.483113E-01	5000
1	17167856	var_8607	A	T	27	0.0027	0	0.111015	0.193287	2.97149	26.7667	5.657305E-01	5000
1	17181994	var_8612	A	T	69	0.0069	0	0.0513874	0.121377	3.48803	67.8772	6.720266E-01	5000
1	17186391	var_8614	A	T	22	0.0022	0	-0.104518	0.213917	-2.28403	21.8529	6.251302E-01	5000
UR	UR	gene_60:synonymous:0.05	UR	UR	144.963	0.0144963	0	0.00564325	0.0203489	13.6285	2415.01	7.815308E-01	5000
1	17313945	var_8665	A	T	133	0.0133	0	0.0181448	0.0873985	2.37544	130.916	8.355339E-01	5000
1	17315971	var_8666	A	T	13	0.0013	0	0.201941	0.278167	2.60985	12.9238	4.678560E-01	5000
1	17339610	var_8671	A	T	74	0.0074	0	0.064876	0.115831	4.83543	74.5334	5.754166E-01	5000
1	17341731	var_8672	A	T	260	0.026	0	-0.0291251	0.0630232	-7.33274	251.767	6.439861E-01	5000
1	17353624	var_8675	A	T	66	0.0066	0	-0.0920368	0.124069	-5.97905	64.9636	4.581983E-01	5000
1	17356886	var_8677	A	T	81	0.0081	0	0.0388464	0.110813	3.16353	81.4369	7.259190E-01	5000
UR	UR	gene_61:synonymous:0.05	UR	UR	485.11	0.048511	0	-0.0175337	0.0101885	-168.909	9633.38	8.526309E-02	5000
1	17440811	var_8718	A	T	83	0.0083	0	0.236027	0.109525	19.6758	83.3624	3.116174E-02	5000
1	17442029	var_8719	A	T	51	0.0051	0	0.0849001	0.140993	4.27085	50.3043	5.470684E-01	5000
1	17447290	var_8722	A	T	11	0.0011	0	0.358324	0.302378	3.91901	10.9371	2.360091E-01	5000
1	17450760	var_8724	A	T	60	0.006	0	-0.173211	0.130096	-10.2341	59.0847	1.830518E-01	5000
1	17452543	var_8726	A	T	201	0.0201	0	-0.0139329	0.072123	-2.67852	192.244	8.468157E-01	5000
1	17457867	var_8730	A	T	203	0.0203	0	-0.0732307	0.0713868	-14.37	196.23	3.049716E-01	5000
1	17459690	var_8732	A	T	51	0.0051	0	-0.244792	0.140944	-12.3226	50.339	8.242279E-02	5000
1	17463128	var_8734	A	T	22	0.0022	0	0.00790611	0.214089	0.172494	21.8179	9.705415E-01	5000
1	17464235	var_8736	A	T	388	0.0388	0	0.0169828	0.0520383	6.27139	369.278	7.441579E-01	5000
1	17471683	var_8738	A	T	144	0.0144	0	-0.0582669	0.0847996	-8.10279	139.063	4.920116E-01	5000
1	17478497	var_8744	A	T	11	0.0011	0	-0.0294949	0.30239	-0.322561	10.9361	9.222981E-01	5000
1	17482186	var_8745	A	T	51	0.0051	0	-0.244792	0.140944	-12.3226	50.339	8.242279E-02	5000
1	17485304	var_8748	A	T	19	0.0019	0	0.0825153	0.230302	1.55575	18.8541	7.201248E-01	5000
UR	UR	gene_62:synonymous:0.05	UR	UR	350.107	0.0350107	0	-0.00246272	0.0135809	-13.3523	5421.78	8.561033E-01	5000
1	17932172	var_8990	A	T	42	0.0042	0	0.0746471	0.155311	3.09463	41.4568	6.307795E-01	5000
1	17943132	var_8997	A	T	11	0.0011	0	0.242591	0.302213	2.65612	10.949	4.221403E-01	5000
1	17943990	var_8998	A	T	289	0.0289	0	-0.0411466	0.0596104	-11.5795	281.421	4.900312E-01	5000
1	17948982	var_9003	A	T	346	0.0346	0	0.0235539	0.0541622	8.02916	340.884	6.636517E-01	5000
1	17951818	var_9007	A	T	357	0.0357	0	0.0726941	0.0537149	25.1947	346.586	1.759494E-01	5000
1	17952883	var_9008	A	T	170	0.017	0	-0.0320025	0.0772062	-5.36882	167.763	6.785032E-01	5000
1	17954721	var_9010	A	T	127	0.0127	0	0.0477009	0.0900139	5.88718	123.419	5.961616E-01	5000
1	17963577	var_9011	A	T	16	0.0016	0	-0.353862	0.25075	-5.62799	15.9045	1.581810E-01	5000
1	17965820	var_9012	A	T	25	0.0025	0	-0.393417	0.20115	-9.72327	24.715	5.048441E-02	5000
1	17974955	var_9021	A	T	19	0.0019	0	0.0133436	0.230069	0.252092	18.8923	9.537498E-01	5000
1	17977808	var_9023	A	T	256	0.0256	0	-0.0109889	0.0632781	-2.74439	249.743	8.621327E-01	5000
1	17980535	var_9024	A	T	80	0.008	0	0.00371615	0.112912	0.291484	78.4372	9.737448E-01	5000
UR	UR	gene_63:synonymous:0.05	UR	UR	927.413	0.0927413	0	-0.00165579	0.00743726	-29.9351	18079	8.238196E-01	5000
1	18093018	var_9082	A	T	86	0.0086	0	-0.0633562	0.107648	-5.46735	86.2955	5.561636E-01	5000
1	18093185	var_9083	A	T	35	0.0035	0	-0.140333	0.169837	-4.86514	34.6684	4.086447E-01	5000
1	18093900	var_9085	A	T	11	0.0011	0	-0.249923	0.302027	-2.73978	10.9625	4.079616E-01	5000
1	18096425	var_9086	A	T	436	0.0436	0	0.0166008	0.0494447	6.79033	409.036	7.370627E-01	5000
1	18108937	var_9090	A	T	479	0.0479	0	0.0490232	0.0469305	22.2583	454.035	2.962119E-01	5000
1	18115559	var_9093	A	T	20	0.002	0	0.110886	0.224388	2.20231	19.8609	6.211851E-01	5000
1	18125546	var_9095	A	T	103	0.0103	0	0.0644284	0.098708	6.61261	102.635	5.139388E-01	5000
1	18134181	var_9097	A	T	108	0.0108	0	-0.092941	0.0956905	-10.1501	109.21	3.314156E-01	5000
UR	UR	gene_64:synonymous:0.05	UR	UR	274.29	0.027429	0	0.0147719	0.0148	67.4397	4565.4	3.182281E-01	5000
1	18227403	var_9135	A	T	13	0.0013	0	0.357555	0.27809	4.62352	12.9309	1.985293E-01	5000
1	18244527	var_9146	A	T	116	0.0116	0	-0.0390605	0.0924482	-4.57025	117.005	6.726516E-01	5000
1	18246414	var_9147	A	T	11	0.0011	0	-0.0221578	0.302259	-0.242531	10.9456	9.415616E-01	5000
1	18253213	var_9149	A	T	214	0.0214	0	0.162369	0.0693939	33.718	207.662	1.929293E-02	5000
1	18267059	var_9155	A	T	26	0.0026	0	-0.193268	0.19688	-4.98605	25.7986	3.262706E-01	5000
UR	UR	gene_65:synonymous:0.05	UR	UR	433.402	0.0433402	0	-0.00871802	0.0114718	-66.2457	7598.71	4.472818E-01	5000
1	18470769	var_9250	A	T	107	0.0107	0	-0.0820407	0.0977846	-8.58002	104.582	4.014726E-01	5000
1	18472067	var_9252	A	T	27	0.0027	0	-0.216873	0.193211	-5.80954	26.7878	2.616644E-01	5000
1	18473556	var_9254	A	T	307	0.0307	0	-0.0224429	0.0572519	-6.84698	305.085	6.950564E-01	5000
1	18475299	var_9255	A	T	24	0.0024	0	-0.00554238	0.20506	-0.131805	23.7814	9.784374E-01	5000
1	18477917	var_9256	A	T	269	0.0269	0	0.0261714	0.0615719	6.9034	263.776	6.707964E-01	5000
1	18478088	var_9257	A	T	57	0.0057	0	-0.00624762	0.128999	-0.375439	60.0932	9.613724E-01	5000
1	18484572	var_9259	A	T	248	0.0248	0	0.0681078	0.0644005	16.4217	241.114	2.902532E-01	5000
1	18489745	var_9261	A	T	22	0.0022	0	0.201285	0.213968	4.39659	21.8426	3.468449E-01	5000
1	18497096	var_9266	A	T	91	0.0091	0	0.0859749	0.10599	7.65323	89.017	4.172718E-01	5000
1	18500197	var_9268	A	T	11	0.0011	0	0.135257	0.302304	1.48004	10.9424	6.545710E-01	5000
1	18506895	var_9271	A	T	249	0.0249	0	-0.115539	0.0651076	-27.2562	235.905	7.596672E-02	5000
1	18507699	var_9275	A	T	29	0.0029	0	0.052651	0.18666	1.51113	28.7009	7.778912E-01	5000
1	18508184	var_9276	A	T	364	0.0364	0	0.0521011	0.0536	18.135	348.074	3.310321E-01	5000
1	18512039	var_9277	A	T	112	0.0112	0	0.115521	0.0956331	12.6312	109.341	2.270619E-01	5000
1	18516457	var_9278	A	T	110	0.011	0	0.00824929	0.0947753	0.918387	111.329	9.306394E-01	5000
1	18516829	var_9279	A	T	108	0.0108	0	-0.0497684	0.0965619	-5.33755	107.248	6.062710E-01	5000
UR	UR	gene_66:synonymous:0.05	UR	UR	535.751	0.0535751	0	0.00442305	0.00993094	44.8478	10139.6	6.560443E-01	5000
1	18560167	var_9304	A	T	21	0.0021	0	-0.0282367	0.219294	-0.587166	20.7944	8.975461E-01	5000
1	18561154	var_9305	A	T	494	0.0494	0	-0.0365958	0.0458227	-17.4289	476.254	4.245002E-01	5000
1	18567045	var_9306	A	T	393	0.0393	0	0.0464665	0.0515304	17.499	376.593	3.672011E-01	5000
1	18569886	var_9307	A	T	64	0.0064	0	-0.123481	0.124134	-8.01346	64.8965	3.198631E-01	5000
1	18570461	var_9308	A	T	91	0.0091	0	0.0859749	0.10599	7.65323	89.017	4.172718E-01	5000
1	18571064	var_9309	A	T	29	0.0029	0	0.052651	0.18666	1.51113	28.7009	7.778912E-01	5000
1	18574828	var_9311	A	T	403	0.0403	0	-0.0692844	0.0500105	-27.7021	399.832	1.659315E-01	5000
1	18575724	var_9312	A	T	361	0.0361	0	0.0397723	0.0536222	13.8322	347.785	4.582608E-01	5000
1	18591381	var_9315	A	T	186	0.0186	0	0.107472	0.073698	19.7872	184.115	1.447642E-01	5000
1	18597528	var_9316	A	T	250	0.025	0	-0.114689	0.0649825	-27.1599	236.814	7.757685E-02	5000
1	18600279	var_9317	A	T	109	0.0109	0	0.142208	0.0970918	15.0854	106.08	1.430103E-01	5000
1	19021356	var_9515	A	T	42	0.0042	0	0.0179056	0.155144	0.74391	41.5463	9.081179E-01	5000
1	19027242	var_9518	A	T	32	0.0032	0	-0.0486628	0.177633	-1.54223	31.6921	7.841223E-01	5000
1	19028062	var_9519	A	T	418	0.0418	0	-0.00857408	0.0503743	-3.37885	394.078	8.648471E-01	5000
1	19034561	var_9522	A	T	47	0.0047	0	-0.108566	0.143645	-5.26151	48.4638	4.497748E-01	5000
1	19037255	var_9524	A	T	400	0.04	0	0.0434301	0.0515171	16.364	376.789	3.992149E-01	5000
1	19055749	var_9534	A	T	74	0.0074	0	-0.0768169	0.117331	-5.57992	72.6392	5.126607E-01	5000
UR	UR	gene_68:synonymous:0.05	UR	UR	467.575	0.0467575	0	-0.000845836	0.0101877	-8.14961	9634.98	9.338313E-01	5000
1	19092354	var_9549	A	T	50	0.005	0	0.0554183	0.142314	2.73627	49.3749	6.969736E-01	5000
1	19092530	var_9550	A	T	424	0.0424	0	0.0709347	0.0493259	29.1547	411.007	1.504110E-01	5000
1	19100031	var_9554	A	T	265	0.0265	0	0.137698	0.062282	35.498	257.795	2.704372E-02	5000
1	19109208	var_9558	A	T	447	0.0447	0	0.00831029	0.0484452	3.54091	426.087	8.637992E-01	5000
1	19116583	var_9559	A	T	278	0.0278	0	-0.0773821	0.0611204	-20.7142	267.688	2.054910E-01	5000
1	19116674	var_9560	A	T	403	0.0403	0	0.00800057	0.0507934	3.10103	387.602	8.748414E-01	5000
1	19116738	var_9561	A	T	284	0.0284	0	0.133345	0.0603448	36.6181	274.613	2.712518E-02	5000
1	19120070	var_9562	A	T	284	0.0284	0	0.133345	0.0603448	36.6181	274.613	2.712518E-02	5000
1	19128122	var_9564	A	T	9716	0.9716	0	-0.133345	0.0603448	-36.6181	274.613	2.712518E-02	5000
UR	UR	gene_69:synonymous:0.05	UR	UR	54.391	0.0054391	0	-0.0370244	0.0317836	-36.6507	989.905	2.440633E-01	5000
1	1884068	var_893	A	T	155	0.0155	0	-0.0408598	0.0816892	-6.12304	149.855	6.169439E-01	5000
1	1884698	var_894	A	T	35	0.0035	0	0.234703	0.165139	8.60631	36.669	1.552471E-01	5000
1	1884884	var_895	A	T	384	0.0384	0	0.0292026	0.0517516	10.9037	373.381	5.725603E-01	5000
1	1884931	var_896	A	T	80	0.008	0	0.0323494	0.112867	2.53941	78.4994	7.744071E-01	5000
1	1885789	var_897	A	T	182	0.0182	0	-0.0680724	0.0751714	-12.0467	176.968	3.651669E-01	5000
1	1887446	var_898	A	T	265	0.0265	0	-0.135957	0.0625292	-34.7725	255.761	2.968314E-02	5000
1	1891482	var_901	A	T	38	0.0038	0	-0.133188	0.16314	-5.00432	37.5734	4.142693E-01	5000
1	1894795	var_903	A	T	49	0.0049	0	0.0239025	0.143707	1.15741	48.4222	8.678989E-01	5000
1	1900474	var_907	A	T	105	0.0105	0	0.0864453	0.0978537	9.0279	104.435	3.770128E-01	5000
1	1910774	var_910	A	T	61	0.0061	0	0.00719352	0.128917	0.432835	60.1701	9.555014E-01	5000
1	1914409	var_912	A	T	110	0.011	0	-0.00185386	0.0965879	-0.198716	107.19	9.846867E-01	5000
1	1920361	var_914	A	T	368	0.0368	0	-0.0520725	0.0531355	-18.4433	354.185	3.270885E-01	5000
1	1922089	var_915	A	T	114	0.0114	0	-0.0500199	0.0940641	-5.65322	113.019	5.948891E-01	5000
1	1926433	var_918	A	T	276	0.0276	0	0.124718	0.0610847	33.4245	268	4.117852E-02	5000
UR	UR	gene_7:synonymous:0.05	UR	UR	627.145	0.0627145	0	0.0158598	0.00910181	191.445	12071	8.142228E-02	5000
1	2439166	var_1171	A	T	45	0.0045	0	-0.0711541	0.150287	-3.15033	44.2747	6.358893E-01	5000
1	2440653	var_1172	A	T	13	0.0013	0	0.266389	0.278248	3.44074	12.9162	3.383758E-01	5000
1	2442232	var_1173	A	T	41	0.0041	0	-0.0433797	0.157115	-1.75732	40.5103	7.824701E-01	5000
1	2446704	var_1174	A	T	226	0.0226	0	0.0546209	0.0675103	11.9845	219.412	4.184719E-01	5000
1	2448772	var_1176	A	T	62	0.0062	0	-0.100637	0.125977	-6.34125	63.0111	4.243761E-01	5000
1	2449263	var_1178	A	T	128	0.0128	0	-0.0439943	0.0890255	-5.55095	126.174	6.211818E-01	5000
1	2450799	var_1181	A	T	99	0.0099	0	0.115077	0.10171	11.1239	96.6651	2.578795E-01	5000
1	2453873	var_1182	A	T	122	0.0122	0	-0.249334	0.0909692	-30.1296	120.84	6.127764E-03	5000
1	2457692	var_1184	A	T	359	0.0359	0	0.105207	0.0543633	35.5985	338.367	5.295894E-02	5000
1	2460609	var_1185	A	T	314	0.0314	0	-0.000101433	0.0577712	-0.0303916	299.624	9.985991E-01	5000
1	2461570	var_1186	A	T	227	0.0227	0	0.0533956	0.0673711	11.7641	220.32	4.280345E-01	5000
1	2465117	var_1191	A	T	57	0.0057	0	-0.191207	0.13338	-10.7478	56.2105	1.517011E-01	5000
1	2472668	var_1193	A	T	89	0.0089	0	0.110762	0.105908	9.87494	89.1548	2.956384E-01	5000
1	2475702	var_1195	A	T	16	0.0016	0	-0.133468	0.250689	-2.12376	15.9121	5.944466E-01	5000
1	2479342	var_1197	A	T	26	0.0026	0	0.156867	0.196913	4.04557	25.7899	4.256676E-01	5000
UR	UR	gene_8:synonymous:0.05	UR	UR	567.559	0.0567559	0	-0.00165228	0.0105597	-14.8178	8968.05	8.756619E-01	5000
1	2711945	var_1339	A	T	256	0.0256	0	0.0584044	0.0630367	14.698	251.659	3.541794E-01	5000
1	2714437	var_1342	A	T	173	0.0173	0	0.0304167	0.0774741	5.06756	166.605	6.946115E-01	5000
1	2728534	var_1348	A	T	271	0.0271	0	-0.068436	0.0611242	-18.3172	267.654	2.628751E-01	5000
1	2745433	var_1360	A	T	32	0.0032	0	0.0131925	0.177688	0.41784	31.6726	9.408153E-01	5000
1	2754774	var_1364	A	T	14	0.0014	0	0.164367	0.267988	2.28867	13.9241	5.396534E-01	5000
UR	UR	gene_9:synonymous:0.05	UR	UR	669.108	0.0669108	0	-0.00875215	0.0100095	-87.355	9980.98	3.819103E-01	5000
