Region	Group	max_MAF	Pvalue	Pvalue_Burden	Pvalue_SKAT	BETA_Burden	SE_Burden	MAC	Number_rare	Number_ultra_rare
gene_0	pLoF	0.05	0.424035361819304	0.359359713427011	0.300885740969431	0.00561033462924159	0.00612090483748717	173.09756	2	1
gene_0	synonymous	0.05	0.911574340683166	0.793150047278505	0.767812133374888	0.000585794384760593	0.00223396081324578	1997.014698	6	9
gene_0	Cauchy	NA	0.824985963784036	0.626954809324918	0.562279167742734	NA	NA	NA	NA	NA
gene_1	synonymous	0.05	0.0954032900139716	0.556930802561429	0.0662176461987389	-0.00165932128419847	0.00282482674611752	776.79513	5	2
gene_10	pLoF	0.05	0.00942064285777222	0.00810206421590443	0.0165242556200456	-0.00730626799678239	0.00275938698868857	603.786016	3	2
gene_10	synonymous	0.05	1.12051164855576e-05	0.550412368436386	4.94713284693304e-06	-0.00259582446877921	0.00434707841549611	418.65765	8	8
gene_10	Cauchy	NA	2.23836171585612e-05	0.0162596429711837	9.89130703210606e-06	NA	NA	NA	NA	NA
gene_11	synonymous	0.05	0.535504145875756	0.393593857015555	0.580273803127701	-0.00424003576772706	0.00497004593436456	686.731824	3	9
gene_12	synonymous	0.05	0.471679377924627	0.870290806471568	0.319930436250372	-0.000314435940156069	0.00192563935792138	2015.797745	10	8
gene_13	synonymous	0.05	0.687539349214506	0.639415961989765	0.523306623852875	-0.00102221287477134	0.0021818121099049	1181.112382	8	10
gene_14	synonymous	0.05	0.352332231921987	0.224556150764389	0.40048701828161	0.00212109567529937	0.00174647383790672	1637.221841	10	9
gene_15	synonymous	0.05	0.00348849836395559	0.20141166299131	0.00231546106995251	0.00172177440961506	0.00134772640441219	2518.296684	16	5
gene_16	synonymous	0.05	0.171965844473818	0.513163018658085	0.0989919684997673	-0.00121517598593686	0.00185829311872598	1657.093237	13	14
gene_17	synonymous	0.05	0.0230112843512187	0.792080119685069	0.0142828825494272	-0.000564312732207445	0.0021407071382572	1550.975361	10	6
gene_18	pLoF	0.05	0.000400506046412508	0.00108805493923603	0.000303349235890815	-0.00956153065154076	0.00292696132618393	424.927419	3	1
gene_18	synonymous	0.05	0.102906140769114	0.0690715503260002	0.0895555157921871	-0.00244772325989648	0.00134641837182436	1585.855032	7	3
gene_18	Cauchy	NA	0.000798013966021305	0.00214286124673402	0.000604703958371866	NA	NA	NA	NA	NA
gene_19	synonymous	0.05	0.0819037639071967	0.163022529838985	0.0459494002325977	0.0021824929776108	0.00156453597690558	1756.616777	11	7
gene_2	synonymous	0.05	0.500214713157447	0.350566403868591	0.434063841102344	0.00226700836494345	0.00242852672524808	755.457089	6	8
gene_20	synonymous	0.05	0.704721447154024	0.49016712923332	0.866510604805535	0.00123706072934981	0.00179272984402796	2761.413771	12	7
gene_21	synonymous	0.05	0.00212970624626219	0.0773292830849487	0.00106672475732472	-0.00356817408381336	0.00202002962236486	1479.380133	13	10
gene_22	pLoF	0.05	0.0278375994242536	0.0258060291180089	0.121088155925976	-0.00567800800292712	0.00254719894971843	511.85983	2	1
gene_22	synonymous	0.05	0.113517812281606	0.270673199718283	0.069386838128486	0.00205108012171078	0.00186205614595021	1549.921175	10	8
gene_22	Cauchy	NA	0.044884056169253	0.0479164106668319	0.0884024090678329	NA	NA	NA	NA	NA
gene_23	synonymous	0.05	0.0918499407332541	0.0800826005382207	0.0613483413401383	0.00227242672198854	0.00129837597244328	3469.969561	13	11
gene_24	synonymous	0.05	0.318957439349528	0.477310122448247	0.19349532136333	-0.00141872684676289	0.00199641981737928	1143.244479	14	4
gene_25	synonymous	0.05	0.752548591747302	0.693534768450074	0.540257596540807	-0.000540764804806162	0.00137228121745278	2129.727191	11	4
gene_26	synonymous	0.05	0.843039923540225	0.851762698845967	0.65651187376552	-0.000265135970487688	0.00141882709518101	2091.864436	13	10
gene_27	synonymous	0.05	0.453249633476647	0.294943071505687	0.32849074414792	0.00249816826578655	0.00238525187873348	882.643405	9	6
gene_28	synonymous	0.05	0.693900275562316	0.858564486404886	0.519241154269111	0.000458719006999211	0.00257415455422631	974.12007	10	5
gene_29	synonymous	0.05	0.110163085973048	0.0650848437069104	0.206285959210877	0.00354791381960686	0.00192332741818678	2131.48769	10	11
gene_3	synonymous	0.05	0.224284508461989	0.949843030419585	0.142222744632948	0.000106147444018698	0.00168745414043802	2423.016548	9	9
gene_30	synonymous	0.05	0.168990780241111	0.378262027379667	0.135050301480764	-0.00195882239103563	0.00222314780560928	2350.947271	10	8
gene_31	synonymous	0.05	0.656444430602318	0.46769416788743	0.772083041489539	0.00123304420315575	0.001697856308753	1601.956936	8	8
gene_32	synonymous	0.05	0.426975801138206	0.266565184313598	0.652559314298601	-0.00220011004492378	0.00198028396393528	1115.122107	11	8
gene_33	synonymous	0.05	0.548904199190156	0.412886312119831	0.858778470517455	0.00135131490141403	0.00165030994039998	1203.332153	7	6
gene_34	synonymous	0.05	0.699286685767765	0.505401220429087	0.485423413735566	0.00130723522634252	0.00196277010079564	1366.304773	12	4
gene_35	synonymous	0.05	0.33997649655513	0.356791577438148	0.207868377051715	0.00132888002752889	0.00144208999536904	1815.52061	14	5
gene_36	synonymous	0.05	0.0648480531966298	0.73983861447197	0.0387890746580444	0.00190943127946854	0.00575013739246419	492.879224	4	7
gene_37	synonymous	0.05	0.64288535202008	0.509498718316481	0.47129843002536	-0.00124060529163035	0.00188079231573832	1704.130394	8	10
gene_38	synonymous	0.05	0.0480211536989646	0.108713481428593	0.0317533620531344	0.00328302172186376	0.00204676834051315	2134.569614	13	8
gene_39	synonymous	0.05	0.406253595409545	0.262928605585061	0.570032250312985	0.00287153218673537	0.00256502233322704	1309.523205	5	11
gene_4	pLoF	0.05	0.0736719068065642	0.110226568839653	0.067242963253952	0.0135854076614487	0.0085058947901724	111.583852	2	1
gene_4	synonymous	0.05	0.020465418236319	0.0114610401303448	0.0937535252767525	-0.00474194274575967	0.00187553236154449	1591.484058	10	12
gene_4	Cauchy	NA	0.0320835368616921	0.0208207322998037	0.0783598482864803	NA	NA	NA	NA	NA
gene_40	synonymous	0.05	0.0929571176095264	0.0793913952350851	0.0674424843685071	-0.00233115180337241	0.00132887594989605	4300.862459	26	7
gene_41	synonymous	0.05	0.0182290225707301	0.0100235753433577	0.0820314412852506	-0.00416361270121325	0.00161692758249368	2198.655476	10	14
gene_42	synonymous	0.05	0.567831768214707	0.980597066150926	0.376077109094045	-4.63647013138979e-05	0.00190641441737219	1229.298966	8	10
gene_43	synonymous	0.05	0.696208455705511	0.485779872395721	0.706741140192177	0.00138644457063914	0.00198905554935725	2023.44931	11	8
gene_44	synonymous	0.05	0.0592343374438175	0.0330419685177954	0.26720434942634	-0.0049489853696881	0.00232175274297188	1189.751892	13	9
gene_45	synonymous	0.05	0.0684163306726601	0.454183986463342	0.0410896955194131	-0.00106946762593799	0.00142889475913195	1814.574075	9	9
gene_46	synonymous	0.05	0.386481523962257	0.568218867224858	0.243054890708106	-0.000908467544692319	0.00159191301391275	2207.96507	16	11
gene_47	synonymous	0.05	0.857222609230645	0.677098012866716	0.84406929039149	-0.000625338921639382	0.00150167933653474	2373.373039	12	9
gene_48	synonymous	0.05	0.252749986250888	0.240367057792318	0.197277105271184	0.00258437866484048	0.00220121376488406	1755.804552	13	6
gene_49	pLoF	0.05	4.22515065696683e-05	3.70024748275188e-05	0.0007851798206997	-0.0335372940416176	0.0081293836434179	203.44202	2	2
gene_49	synonymous	0.05	0.405307687012429	0.255519039715409	0.495649081831249	0.00180984895378022	0.00159171123305602	2079.128822	9	9
gene_49	Cauchy	NA	8.44995729547549e-05	7.39966400231662e-05	0.00157029713801404	NA	NA	NA	NA	NA
gene_5	synonymous	0.05	0.372936143170723	0.7255774623733	0.261339375915075	-0.000692273330928762	0.00197220716001708	1911.094678	9	7
gene_50	synonymous	0.05	0.694981770709215	0.494889131842151	0.662898617319388	-0.000970030028775421	0.0014211783657434	1632.598281	14	10
gene_51	synonymous	0.05	0.37747556393635	0.27770813623434	0.416268406994962	0.00271371342275869	0.00250000726274971	1022.424893	7	4
gene_52	synonymous	0.05	0.017825415772515	0.161465768051967	0.00967478845159497	0.00276297702826078	0.00197333117741759	1644.282954	12	4
gene_53	synonymous	0.05	0.449871914933436	0.390538748472322	0.299369845728079	-0.00110203954097591	0.00128346988042271	2647.534278	7	10
gene_54	pLoF	0.05	0.0405522637222651	0.0405522637222651	0.0405522637222651	-0.0289329184426426	0.0141268569673228	31	1	0
gene_54	synonymous	0.05	0.371424378108566	0.244128755709388	0.854460330528537	-0.00211961552807853	0.00181983598740795	1152.628904	9	4
gene_54	Cauchy	NA	0.0758444935924045	0.0707890091514932	0.106133575898699	NA	NA	NA	NA	NA
gene_55	synonymous	0.05	0.612410181793929	0.950414326823291	0.458493108074276	-0.000114436530123327	0.00184021550957532	2142.191397	9	10
gene_56	synonymous	0.05	1	0.826323614159275	0.773333257340321	-0.000253516403244897	0.00115539820743636	2052.813115	11	11
gene_57	synonymous	0.05	0.815864302358746	0.78754344681222	0.619058183582283	0.000411310193507754	0.00152618637227901	1802.396481	15	3
gene_58	synonymous	0.05	0.745351857372925	0.542850375741785	0.897915365311759	0.00101628677795756	0.00167012793388454	1922.606511	13	11
gene_59	synonymous	0.05	0.851979024605761	0.744690157584266	0.698665954765712	-0.000620092602920985	0.00190417647251351	1935.54572	9	12
gene_6	synonymous	0.05	0.544491720210725	0.437485358840622	0.363799686581001	0.00104090992322375	0.00134060728496508	2269.281319	9	9
gene_60	synonymous	0.05	1	0.816655898433379	0.933225587773326	0.000750643915856524	0.00323765218575451	1100.963099	9	6
gene_61	synonymous	0.05	0.883366523555877	0.717375877147886	0.849576222834325	-0.000894353926213157	0.00247080876359718	1112.109765	6	7
gene_62	synonymous	0.05	0.86065322148635	0.7157278802411	0.784378249736676	-0.000624644782456726	0.00171523590799141	1645.107378	13	9
gene_63	synonymous	0.05	0.7416414283675	0.558233735187949	0.892073515962928	0.00100018670804179	0.0017083570409745	2665.413348	12	13
gene_64	synonymous	0.05	0.449038514336947	0.517276982351845	0.322829384596309	0.0011023146948057	0.00170228887366527	1552.289831	8	2
gene_65	synonymous	0.05	0.0295200346492335	0.0899189159230498	0.0218528751364518	0.00423411838722319	0.00249678883723455	813.402435	5	7
gene_66	synonymous	0.05	0.862063358113227	0.826830331767038	0.670743315394276	0.000343121976084431	0.00156842446323938	2670.751302	16	10
gene_67	synonymous	0.05	0.215941606453815	0.941488222611573	0.123649110127885	0.000101047774960612	0.0013766822297541	2401	11	0
gene_68	synonymous	0.05	1	0.97344973307056	0.890170020924814	-5.56697870314166e-05	0.00167267111925705	1480.575374	6	9
gene_69	synonymous	0.05	0.0720242856240133	0.0596777423887515	0.0577701243208188	0.00321844411083269	0.00170905933731289	2773.390978	9	3
gene_7	synonymous	0.05	0.245795508613336	0.974090301898886	0.141832121949882	3.49269222861795e-05	0.00107537931454506	2849.14544	14	9
gene_8	synonymous	0.05	0.325071187544974	0.491524979363507	0.199553639245954	0.00096254152122149	0.00139927607638607	2391.559286	15	13
gene_9	synonymous	0.05	0.396987939194873	0.320842543578414	0.289876642340863	-0.00235193230844492	0.00236916093286705	1415.10847	5	14
