Region	Group	max_MAF	Pvalue	Pvalue_Burden	Pvalue_SKAT	BETA_Burden	SE_Burden	MAC	Number_rare	Number_ultra_rare
gene_0	synonymous	0.001	0.782970536758558	0.782970536758558	0.782970536758558	0.000780765063042181	0.00283450742671937	4741.253147	0	72
gene_0	synonymous	0.05	0.3413894449515	0.19426173059656	0.632183848456926	0.000803329999175876	0.000618862776894794	14316.253147	85	72
gene_0	synonymous	0.1	0.23632481955377	0.128971632713958	0.612317172780526	0.000921278308958107	0.000606834881735821	19453.253147	92	72
gene_0	Cauchy	NA	0.457609565808859	0.277027566894316	0.690174208191755	NA	NA	NA	NA	NA
gene_1	synonymous	0.001	0.79069532971706	0.79069532971706	0.79069532971706	-0.000751539711928043	0.00283164141411966	4723.668928	0	57
gene_1	synonymous	0.05	0.491968940508927	0.303505018640296	0.953962222985672	0.000831363721595223	0.000807975993259366	12719.668928	71	57
gene_1	synonymous	0.1	0.719434522533336	0.490722922284626	0.952183034296591	0.000526450870899136	0.000763902837748794	30892.668928	95	57
gene_1	Cauchy	NA	0.693977589260898	0.55833353279281	0.936204042618602	NA	NA	NA	NA	NA
gene_10	synonymous	0.001	0.48677137510408	0.48677137510408	0.48677137510408	-0.0020629225959672	0.00296629997090753	4739.873032	0	60
gene_10	synonymous	0.05	0.5653152138246	0.359881331530302	0.425673588271444	-0.000721260741986352	0.000787754094119623	12259.873032	70	60
gene_10	synonymous	0.1	0.533211478837613	0.581009261659846	0.33155491650598	-0.000414264421261757	0.000750599905975932	25589.873032	88	60
gene_10	Cauchy	NA	0.528703242133232	0.473275729812335	0.410717868113468	NA	NA	NA	NA	NA
gene_11	synonymous	0.001	0.461976671015321	0.461976671015321	0.461976671015321	0.00235683944340495	0.00320398673975001	4077.222122	0	52
gene_11	synonymous	0.05	0.11711830600975	0.0888352166854756	0.110753463624232	0.00116824424946216	0.00068656673739227	15122.222122	87	52
gene_11	synonymous	0.1	0.180373168189067	0.131306577299907	0.143134313237967	0.000992510399308831	0.000657740530448725	26244.222122	104	52
gene_11	Cauchy	NA	0.194397849411715	0.149848974160685	0.173462885382217	NA	NA	NA	NA	NA
gene_12	synonymous	0.001	0.99065466070633	0.99065466070633	0.99065466070633	3.43268230085596e-05	0.00293068180786057	4907.522217	0	58
gene_12	synonymous	0.05	0.839134575446709	0.615408376442256	0.951964303218375	0.000364940587376699	0.000726440118330235	13620.522217	70	58
gene_12	synonymous	0.1	0.932398133771522	0.757069629790506	0.947378041839514	0.000233884775516725	0.000756098335095433	22623.522217	82	58
gene_12	Cauchy	NA	0.976462131318441	0.973146115101902	0.97954536391731	NA	NA	NA	NA	NA
gene_13	synonymous	0.001	0.966990094740204	0.966990094740204	0.966990094740204	-0.000112726016949404	0.00272393034282876	4329.259399	0	61
gene_13	synonymous	0.05	0.655975957419785	0.908393599926785	0.430588159070629	-8.20338602609508e-05	0.00071293493939069	14294.259399	81	61
gene_13	synonymous	0.1	0.712538751055148	0.79023346497017	0.484069881543826	-0.00020057772413156	0.000754030452264492	27683.259399	100	61
gene_13	Cauchy	NA	0.914733612832863	0.934076428102349	0.901038540133552	NA	NA	NA	NA	NA
gene_14	synonymous	0.001	0.611534187168216	0.611534187168216	0.611534187168216	0.0015392353438092	0.00303067854978879	4536.653314	0	54
gene_14	synonymous	0.05	0.527886195487286	0.328174341864337	0.751863221024941	0.000761557452355311	0.000778849631606154	13394.653314	87	54
gene_14	synonymous	0.1	0.588440326747376	0.375258654986397	0.804726301784495	0.000662210831789409	0.000746854736538968	21292.653314	98	54
gene_14	Cauchy	NA	0.576832586671169	0.432391622740628	0.738886934826705	NA	NA	NA	NA	NA
gene_15	synonymous	0.001	0.934735818790488	0.934735818790488	0.934735818790488	-0.000235451923453853	0.00287529399360529	4874.548846	0	54
gene_15	synonymous	0.05	0.490552480829897	0.64103686474232	0.294592639044213	0.000287335238818138	0.000616269164796277	18483.548846	93	54
gene_15	synonymous	0.1	0.438133992525347	0.438245243478784	0.256921510035393	0.000441119036730995	0.000569068520935059	32133.548846	113	54
gene_15	Cauchy	NA	0.815482471975238	0.83038582956437	0.755138758785956	NA	NA	NA	NA	NA
gene_16	synonymous	0.001	0.946275415896147	0.946275415896147	0.946275415896147	-0.000201010286839372	0.00298302377679548	4619.912801	0	62
gene_16	synonymous	0.05	0.165521916257636	0.0921176701610168	0.93493842843654	0.00137563917419044	0.0008167272192161	14974.912801	77	62
gene_16	synonymous	0.1	0.153991277712319	0.0851939468329699	0.94975018569177	0.00129946660839802	0.000754927321956453	23666.912801	88	62
gene_16	Cauchy	NA	0.702698051168468	0.384718668784899	0.94431807347295	NA	NA	NA	NA	NA
gene_17	synonymous	0.001	0.525176952781896	0.525176952781896	0.525176952781896	0.00184200204774267	0.00289903017486723	4989.176483	0	65
gene_17	synonymous	0.05	0.171807581166128	0.0923059121016467	0.739244899599371	0.00126704749930105	0.000752690694233932	14366.176483	76	65
gene_17	synonymous	0.1	0.501399949516317	0.337929040592715	0.30502833942383	0.000673844572021578	0.000703192146479623	24383.176483	90	65
gene_17	Cauchy	NA	0.34523847884057	0.211498343910922	0.532900682117868	NA	NA	NA	NA	NA
gene_18	synonymous	0.001	0.472062814526548	0.472062814526548	0.472062814526548	0.0023187313108104	0.0032243707339452	4023.442556	0	53
gene_18	synonymous	0.05	0.810746479257676	0.587671796634415	0.774111429813084	-0.000391643759611645	0.000722306134825452	15328.442556	98	53
gene_18	synonymous	0.1	0.688833792240682	0.461560768445471	0.791245229423723	-0.000527169070796213	0.000715990661578583	26845.442556	114	53
gene_18	Cauchy	NA	0.691906105502709	0.507772401144384	0.713212582912779	NA	NA	NA	NA	NA
gene_19	synonymous	0.001	0.634277523335603	0.634277523335603	0.634277523335603	-0.00137416779662997	0.00288863744599495	4994.264863	0	56
gene_19	synonymous	0.05	0.832564094552631	0.612888487287696	0.669780438888499	0.000351338685929211	0.00069440746729882	16688.264863	79	56
gene_19	synonymous	0.1	0.829783100564116	0.608143892462142	0.682226507696576	0.000341325352967816	0.000665708784810992	24310.264863	90	56
gene_19	Cauchy	NA	0.789677385351244	0.61859962109616	0.662794638578488	NA	NA	NA	NA	NA
gene_2	synonymous	0.001	0.12516438877622	0.12516438877622	0.12516438877622	-0.00563553894212516	0.00367506574187813	3066.116444	0	53
gene_2	synonymous	0.05	0.8338081819767	0.986672938582335	0.612862173020743	-1.44891916915118e-05	0.000867420386681127	12750.116444	74	53
gene_2	synonymous	0.1	0.883333791195782	0.770734950909297	0.677997720690789	0.000224436776242985	0.000770165538931211	29826.116444	97	53
gene_2	Cauchy	NA	0.682152802093026	0.957990958541357	0.359743367084462	NA	NA	NA	NA	NA
gene_20	synonymous	0.001	0.568515357496811	0.568515357496811	0.568515357496811	0.00177377129912789	0.00311057320076577	4323.420788	0	55
gene_20	synonymous	0.05	0.402062842451528	0.235809254112082	0.653350106057738	0.000937498941434099	0.000790786846775434	13631.420788	68	55
gene_20	synonymous	0.1	0.491157541842291	0.297885362136051	0.721532961205856	0.000797009659827522	0.000765634821762516	23969.420788	82	55
gene_20	Cauchy	NA	0.486541178675888	0.343093607044243	0.654044384448279	NA	NA	NA	NA	NA
gene_21	synonymous	0.001	0.505142318276838	0.505142318276838	0.505142318276838	0.00222102264455875	0.00333276424093305	3753.197526	0	47
gene_21	synonymous	0.05	0.73607381292705	0.509014577883437	0.599548718800659	0.000568227504163067	0.000860464640611358	11726.197526	77	47
gene_21	synonymous	0.1	0.351205394134496	0.434404229733625	0.205441301828483	0.000609863266912006	0.000780198230083003	24049.197526	93	47
gene_21	Cauchy	NA	0.545056599373783	0.482557274605236	0.398680475372069	NA	NA	NA	NA	NA
gene_22	synonymous	0.001	0.118635043911409	0.118635043911409	0.118635043911409	-0.00482236661694055	0.00309021377234342	4190.685989	0	51
gene_22	synonymous	0.05	0.327029747657541	0.186342481541897	0.384115401577797	-0.000815498834988274	0.00061711179835281	15551.685989	89	51
gene_22	synonymous	0.1	0.485126786274856	0.721188919948035	0.292937696213923	-0.000219697068767543	0.000615621645321585	26165.685989	105	51
gene_22	Cauchy	NA	0.23931299800846	0.238127670425405	0.216874425055553	NA	NA	NA	NA	NA
gene_23	synonymous	0.001	0.430117427549275	0.430117427549275	0.430117427549275	-0.0021343539654394	0.00270516990635581	4188.673741	0	58
gene_23	synonymous	0.05	0.288831363751378	0.435969812645295	0.165432646872308	0.000657031156599871	0.000843410756072951	13646.673741	77	58
gene_23	synonymous	0.1	0.282188189355612	0.52524249712138	0.16190973600814	0.000543048106404714	0.000854810094380735	25776.673741	94	58
gene_23	Cauchy	NA	0.326386613985391	0.463283742413152	0.214189139580406	NA	NA	NA	NA	NA
gene_24	synonymous	0.001	0.0640012134260364	0.0640012134260364	0.0640012134260364	0.00525869471707627	0.00283920521641645	4766.444167	0	62
gene_24	synonymous	0.05	0.209469007865715	0.116751862539414	0.450989266720976	0.0013199547523884	0.000841510476662887	14310.444167	72	62
gene_24	synonymous	0.1	0.224233554248339	0.124855971463462	0.444150436776109	0.00124744022759541	0.000812820129872232	22699.444167	83	62
gene_24	Cauchy	NA	0.122952190943716	0.09342091513032	0.165543009020862	NA	NA	NA	NA	NA
gene_25	synonymous	0.001	0.561748324400598	0.561748324400598	0.561748324400598	0.00175854355126659	0.003030683014205	4200.089385	0	54
gene_25	synonymous	0.05	0.777807657037888	0.553580001083201	0.946331363035818	0.000516383459697765	0.000871674306642761	13238.089385	71	54
gene_25	synonymous	0.1	0.85763823743923	0.647132627545593	0.911065630797908	0.000386121752158403	0.000843522483183423	25402.089385	86	54
gene_25	Cauchy	NA	0.773230054995864	0.589318854528804	0.903178392094166	NA	NA	NA	NA	NA
gene_26	synonymous	0.001	0.504710683151854	0.504710683151854	0.504710683151854	0.00206109539486988	0.00308965239947616	4412.762981	0	52
gene_26	synonymous	0.05	0.427926104247072	0.577459067605032	0.260968482083902	0.000514825773901005	0.000924117249798837	13062.762981	70	52
gene_26	synonymous	0.1	0.546387897677047	0.498206734038065	0.346086788149287	0.000602117281397383	0.000888978020395939	23180.762981	85	52
gene_26	Cauchy	NA	0.492700852476097	0.527247543148792	0.357234304484601	NA	NA	NA	NA	NA
gene_27	synonymous	0.001	0.14667129469475	0.14667129469475	0.14667129469475	0.00477755072213885	0.00329170708452067	3853.190431	0	50
gene_27	synonymous	0.05	0.00862694074900294	0.570521462166425	0.00427217716679795	0.000393050666713136	0.000692864398533145	14831.190431	84	50
gene_27	synonymous	0.1	0.0154690120037171	0.746583632319476	0.00763293989311853	0.000208882893666873	0.000646401329848605	27045.190431	102	50
gene_27	Cauchy	NA	0.0160454501765789	0.416017890495156	0.00807639576360042	NA	NA	NA	NA	NA
gene_28	synonymous	0.001	0.201277245108441	0.201277245108441	0.201277245108441	0.0034988211419739	0.00273790073867699	4397.23753299999	0	67
gene_28	synonymous	0.05	0.417217348662871	0.511540041453429	0.254124233399295	0.000577829211374834	0.000880244678037806	20719.237533	98	67
gene_28	synonymous	0.1	0.445889563461979	0.352086338579131	0.276675776926675	0.000851473422023864	0.000915021582252608	29895.237533	112	67
gene_28	Cauchy	NA	0.32777816393963	0.325659898823143	0.240518528871162	NA	NA	NA	NA	NA
gene_29	synonymous	0.001	0.440702957918872	0.440702957918872	0.440702957918872	0.00244583809052352	0.00317226565969673	4156.901648	0	62
gene_29	synonymous	0.05	0.190702312295637	0.10751758845353	0.277218728781836	0.00126719329145266	0.000787344671542779	15104.901648	74	62
gene_29	synonymous	0.1	0.168418597074624	0.0917890026984713	0.34230166692661	0.00124401968465767	0.000737837276191198	26652.901648	90	62
gene_29	Cauchy	NA	0.231850677052979	0.139398195586412	0.346451527488102	NA	NA	NA	NA	NA
gene_3	synonymous	0.001	0.539876578137234	0.539876578137234	0.539876578137234	-0.00190462660000616	0.00310705990265009	4343.447771	0	55
gene_3	synonymous	0.05	0.568495690290135	0.361768358857866	0.773218578476703	-0.000803402218943375	0.000880922827498915	13229.447771	78	55
gene_3	synonymous	0.1	0.804094644697294	0.57943059669603	0.796765301904372	-0.000482041628566889	0.000869771133155587	29908.447771	100	55
gene_3	Cauchy	NA	0.668786553412047	0.491194575238461	0.72916944973477	NA	NA	NA	NA	NA
gene_30	synonymous	0.001	0.452163419908654	0.452163419908654	0.452163419908654	-0.00224878489236903	0.00299114856937605	4694.353255	0	62
gene_30	synonymous	0.05	0.264360441288289	0.147497971747285	0.653837758118658	-0.000958869081915289	0.000662007682004713	15531.353255	77	62
gene_30	synonymous	0.1	0.265887033255298	0.147656565975141	0.767238257061388	-0.000911472803375941	0.000629531590107729	30546.353255	97	62
gene_30	Cauchy	NA	0.315055487883024	0.19917887218611	0.646564527095191	NA	NA	NA	NA	NA
gene_31	synonymous	0.001	0.32551287427417	0.32551287427417	0.32551287427417	-0.00284240481711231	0.00289099622869822	4946.148083	0	59
gene_31	synonymous	0.05	0.58651660295029	0.369863294163317	0.427355367154654	-0.000644843539886484	0.00071910600179053	14982.148083	66	59
gene_31	synonymous	0.1	0.717638556139047	0.483165709003822	0.594625538857799	-0.00048689374107345	0.000694352296571431	29998.148083	87	59
gene_31	Cauchy	NA	0.550807952791827	0.388433743072608	0.443671019663072	NA	NA	NA	NA	NA
gene_32	synonymous	0.001	0.816442475039162	0.816442475039162	0.816442475039162	0.000771719899559333	0.00332461614249568	3727.736517	0	51
gene_32	synonymous	0.05	0.529579077511837	0.337506073519754	0.409236300757478	-0.000849500773848088	0.000885722797497167	15391.736517	76	51
gene_32	synonymous	0.1	0.401756091479057	0.244131011108629	0.477841862462834	-0.000946868705390056	0.000812955917357263	28300.736517	94	51
gene_32	Cauchy	NA	0.631216943285886	0.493625989073058	0.618792401006303	NA	NA	NA	NA	NA
gene_33	synonymous	0.001	0.332696382608892	0.332696382608892	0.332696382608892	0.00280364471352042	0.0028942431654816	4966.529873	0	62
gene_33	synonymous	0.05	0.933818856302912	0.859208363014224	0.761373218720328	0.000130000345003077	0.000732883617136739	12378.529873	70	62
gene_33	synonymous	0.1	0.905055854951725	0.930696467434824	0.708295892874879	6.17590890176206e-05	0.00071013084905876	27065.529873	90	62
gene_33	Cauchy	NA	0.877590951368672	0.853504250283822	0.626682489022145	NA	NA	NA	NA	NA
gene_34	synonymous	0.001	0.618045050899804	0.618045050899804	0.618045050899804	-0.00148537107656904	0.00297894661168633	4739.02817	0	56
gene_34	synonymous	0.05	0.124233565153723	0.910450562219195	0.0642703233713087	7.8858567429698e-05	0.000701150499321898	13646.02817	65	56
gene_34	synonymous	0.1	0.135179851637424	0.589123368651774	0.0703899553736221	0.000376282542773525	0.000696681711586956	32096.02817	89	56
gene_34	Cauchy	NA	0.19553575444511	0.800275879935812	0.103008717496061	NA	NA	NA	NA	NA
gene_35	synonymous	0.001	0.71917858637537	0.71917858637537	0.71917858637537	0.00101339692381448	0.00281846121041876	4778.296337	0	52
gene_35	synonymous	0.05	0.88217829280801	0.815362391432434	0.67345466009389	0.000147005128632243	0.000629534859143084	15671.296337	81	52
gene_35	synonymous	0.1	0.906848649597175	0.83598321132559	0.710889960207134	0.000133222674634015	0.000643481732492627	34829.296337	106	52
gene_35	Cauchy	NA	0.866331305883047	0.799476996757918	0.702047127298425	NA	NA	NA	NA	NA
gene_36	synonymous	0.001	0.728580055544894	0.728580055544894	0.728580055544894	-0.0010570367709143	0.00304608387000007	4354.861859	0	61
gene_36	synonymous	0.05	0.138628548411039	0.0742100029392562	0.316644972185361	-0.00138709024161012	0.00077694363128814	12899.861859	68	61
gene_36	synonymous	0.1	0.117164712257253	0.0613194916888127	0.331439275767694	-0.00143485742534481	0.000766817655137316	24188.861859	85	61
gene_36	Cauchy	NA	0.209970054856215	0.108422189699275	0.461870111500976	NA	NA	NA	NA	NA
gene_37	synonymous	0.001	0.954729080303889	0.954729080303889	0.954729080303889	0.000156269235403947	0.00275271349431729	4503.014203	0	62
gene_37	synonymous	0.05	0.834256772370046	0.611823680154701	0.916303380078181	0.000364752283238448	0.00071876337139407	12788.014203	80	62
gene_37	synonymous	0.1	0.918010554256586	0.730764721078756	0.936630525045055	0.000244143319059543	0.000709495254177288	29374.014203	101	62
gene_37	Cauchy	NA	0.925159552133755	0.888810927518957	0.939733687334147	NA	NA	NA	NA	NA
gene_38	synonymous	0.001	0.825362068916929	0.825362068916929	0.825362068916929	0.000652701685861848	0.00295803616822583	4815.803084	0	59
gene_38	synonymous	0.05	0.0400509398492179	0.0201036127530072	0.571187562493546	0.00189194168015208	0.000813945446951249	12733.803084	69	59
gene_38	synonymous	0.1	0.0738166555280539	0.0380191985956331	0.54379023636948	0.00151718350499705	0.000731296938285017	22706.803084	84	59
gene_38	Cauchy	NA	0.0885518798169445	0.042176016828761	0.687307928405173	NA	NA	NA	NA	NA
gene_39	synonymous	0.001	0.303635324270127	0.303635324270127	0.303635324270127	0.00293273102540715	0.00285099631165692	4862.767846	0	69
gene_39	synonymous	0.05	0.725233233494481	0.512537262200382	0.497761549615223	0.000527012548355247	0.000804731943527729	13414.767846	74	69
gene_39	synonymous	0.1	0.429964309226999	0.25647295150546	0.446230503720878	0.000894772962593257	0.000788508084405001	28552.767846	94	69
gene_39	Cauchy	NA	0.491775471405157	0.341576862162264	0.408511368642134	NA	NA	NA	NA	NA
gene_4	synonymous	0.001	0.854081593728894	0.854081593728894	0.854081593728894	-0.000541427713108975	0.00294393159207464	4864.916041	0	64
gene_4	synonymous	0.05	0.0982989067959587	0.0545238587041079	0.415064622699703	0.00146729738381903	0.000763163552136338	18464.916041	85	64
gene_4	synonymous	0.1	0.102704287537879	0.0569226899650949	0.448310323383413	0.00139293869330549	0.000731622342252387	22151.916041	90	64
gene_4	Cauchy	NA	0.201105555351075	0.0994604602109421	0.655069132043336	NA	NA	NA	NA	NA
gene_40	synonymous	0.001	0.992997941088287	0.992997941088287	0.992997941088287	-2.45203369589028e-05	0.00279405634903066	4625.028886	0	64
gene_40	synonymous	0.05	0.204820721743186	0.110429015328223	0.925677855389183	-0.00107053372074122	0.000670647944443518	14132.028886	72	64
gene_40	synonymous	0.1	0.568380255209677	0.353858574344643	0.89755601222412	-0.000579138858729305	0.000624657056115581	28037.028886	92	64
gene_40	Cauchy	NA	0.978494740162341	0.977405008822535	0.981884334069995	NA	NA	NA	NA	NA
gene_41	synonymous	0.001	0.376558219535662	0.376558219535662	0.376558219535662	-0.00271174712799586	0.00306670034384864	4466.747578	0	61
gene_41	synonymous	0.05	0.788219208163626	0.558043375195903	0.586330805655419	-0.000399232128749488	0.000681574004890433	16196.747578	82	61
gene_41	synonymous	0.1	0.414076175376493	0.243959602074843	0.548639759763342	-0.000803844596958323	0.000689908466316857	26354.747578	97	61
gene_41	Cauchy	NA	0.561732917501971	0.373179995370913	0.502502382328466	NA	NA	NA	NA	NA
gene_42	synonymous	0.001	0.557650942322132	0.557650942322132	0.557650942322132	0.00164309946471353	0.00280232574066328	4601.925692	0	63
gene_42	synonymous	0.05	0.300476876073757	0.787919870739371	0.168235841647886	-0.000169499554896119	0.000630080003891047	13651.925692	86	63
gene_42	synonymous	0.1	0.308934037272199	0.746280704210896	0.173324379423656	-0.000202566463481573	0.000626079682944521	26679.925692	105	63
gene_42	Cauchy	NA	0.376542785733891	0.71683394384377	0.240697618872641	NA	NA	NA	NA	NA
gene_43	synonymous	0.001	0.934816683895711	0.934816683895711	0.934816683895711	0.000257525799197532	0.00314876612677072	4172.149004	0	57
gene_43	synonymous	0.05	1	0.940323860667146	0.873648137775799	5.81291631686596e-05	0.000776475758447487	15945.149004	81	57
gene_43	synonymous	0.1	1	0.907234872077272	0.850968721171763	8.39260605648671e-05	0.000720228318188679	24180.149004	93	57
gene_43	Cauchy	NA	1	0.929992901195401	0.899437403239031	NA	NA	NA	NA	NA
gene_44	pLoF	0.05	1.21459858542888e-11	1.21459858542888e-11	1.21459858542888e-11	0.0405671076300242	0.00598470464246356	470	1	0
gene_44	pLoF	0.1	1.21459858542888e-11	1.21459858542888e-11	1.21459858542888e-11	0.0405671076300242	0.00598470464246356	470	1	0
gene_44	synonymous	0.001	0.758149278839184	0.758149278839184	0.758149278839184	-0.00099155750323317	0.00322026240339236	4028.659026	0	54
gene_44	synonymous	0.05	0.0405036371426644	0.0863434130226228	0.0250163658670077	-0.00123785911893118	0.000721779578940578	14730.659026	83	54
gene_44	synonymous	0.1	0.00240466036019027	0.18207558503603	0.00111575401567876	-0.00096251387948187	0.000721312958874539	33018.659026	109	54
gene_44	Cauchy	NA	3.03650438127079e-11	3.03650438127079e-11	3.03650438127079e-11	NA	NA	NA	NA	NA
gene_45	pLoF	0.05	0.00352709848720585	0.00352709848720585	0.00352709848720585	-0.0148815782339348	0.00510058196600459	339	1	0
gene_45	pLoF	0.1	0.00352709848720585	0.00352709848720585	0.00352709848720585	-0.0148815782339348	0.00510058196600459	339	1	0
gene_45	synonymous	0.001	0.830748333354274	0.830748333354274	0.830748333354274	-0.000634306175507269	0.00296762670231759	4786.513963	0	63
gene_45	synonymous	0.05	0.895176675665872	0.880202834046118	0.69650631274604	0.000100849299079501	0.00066915200794679	16832.513963	81	63
gene_45	synonymous	0.1	0.920867663219499	0.94423424914124	0.737608491124238	4.75565117499263e-05	0.000679874038144606	24602.513963	93	63
gene_45	Cauchy	NA	0.00925482954492118	0.00932609800515971	0.00898172678783871	NA	NA	NA	NA	NA
gene_46	synonymous	0.001	0.658040105220735	0.658040105220735	0.658040105220735	0.00135461929764842	0.00306045171159087	4439.768235	0	52
gene_46	synonymous	0.05	0.0639128700000302	0.674003531372013	0.0327218673426498	0.000296871924906889	0.000705729275782044	14797.768235	83	52
gene_46	synonymous	0.1	0.0866569653516535	0.601431532564548	0.0450736201039489	0.000360076004121837	0.000689347807149857	28863.768235	102	52
gene_46	Cauchy	NA	0.114811407944467	0.645895568936252	0.0584043430935329	NA	NA	NA	NA	NA
gene_47	synonymous	0.001	0.809398341583065	0.809398341583065	0.809398341583065	-0.000717796290025187	0.00297591001716073	4741.103208	0	66
gene_47	synonymous	0.05	0.771643261632813	0.54305748930582	0.75013796166193	-0.000459314613337841	0.000755208215244803	15170.103208	73	66
gene_47	synonymous	0.1	0.57642136835094	0.363807512147671	0.810107540419784	-0.000606951351868513	0.000668350108129366	30064.103208	94	66
gene_47	Cauchy	NA	0.742199171803822	0.616107940375575	0.792809672572634	NA	NA	NA	NA	NA
gene_48	synonymous	0.001	0.356256528368104	0.356256528368104	0.356256528368104	0.00244584580776408	0.00265126106745831	3990.65914199999	0	60
gene_48	synonymous	0.05	0.223596637828059	0.124144377501709	0.817801821896421	0.00116626794746996	0.000758494751575313	12520.659142	78	60
gene_48	synonymous	0.1	0.219254904419537	0.120986393636619	0.897057979932322	0.00109502225108362	0.000706171372561124	24658.659142	95	60
gene_48	Cauchy	NA	0.256443549214908	0.160897477772268	0.797081168248152	NA	NA	NA	NA	NA
gene_49	synonymous	0.001	0.355520897031222	0.355520897031222	0.355520897031222	0.00233449066248751	0.0025266866651185	3342.20150899999	0	69
gene_49	synonymous	0.05	0.674528482265089	0.728046964684049	0.443063667681516	0.000219637821219159	0.000631642899623888	15079.201509	82	69
gene_49	synonymous	0.1	0.564222312842652	0.961944221234817	0.351126235499063	-2.97577922214008e-05	0.000623670773506802	23752.201509	94	69
gene_49	Cauchy	NA	0.534605587595569	0.894384591220249	0.381289578180101	NA	NA	NA	NA	NA
gene_5	synonymous	0.001	0.742927515525505	0.742927515525505	0.742927515525505	-0.000865481090654677	0.00263883054286126	3871.82924	0	70
gene_5	synonymous	0.05	0.823138778253028	0.601805127735357	0.958820248822036	-0.000407165276708075	0.000780299495412054	13272.82924	75	70
gene_5	synonymous	0.1	0.713255926180392	0.48309780886242	0.946673485568348	-0.000509848773050772	0.000726975323944304	28121.82924	96	70
gene_5	Cauchy	NA	0.767967808305779	0.624268604331723	0.935303111366169	NA	NA	NA	NA	NA
gene_50	synonymous	0.001	0.8565438589818	0.8565438589818	0.8565438589818	-0.000584728238078621	0.00323455614351212	3997.257855	0	45
gene_50	synonymous	0.05	0.200509025874096	0.11740658727962	0.251853021306413	-0.00122405520468136	0.00078176803889796	16392.257855	92	45
gene_50	synonymous	0.1	0.350869261336955	0.252024974484277	0.205883368071736	-0.000857006410677148	0.000748186605126591	28772.257855	109	45
gene_50	Cauchy	NA	0.519996449548152	0.35174729633036	0.473949967039452	NA	NA	NA	NA	NA
gene_51	synonymous	0.001	0.166926615527371	0.166926615527371	0.166926615527371	0.00353596840001624	0.00255831599797972	3467.07024999999	0	68
gene_51	synonymous	0.05	0.380887326223577	0.774408217802062	0.226719642267756	-0.000220931056803889	0.000770832489711151	15183.07025	80	68
gene_51	synonymous	0.1	0.417535900204404	0.728167338857636	0.251042307173721	-0.000258694643274991	0.000744307058673701	23379.07025	91	68
gene_51	Cauchy	NA	0.286097302293656	0.532681228139737	0.209490633544514	NA	NA	NA	NA	NA
gene_52	synonymous	0.001	0.582059942218449	0.582059942218449	0.582059942218449	0.00163117835994814	0.00296374042359707	4787.846803	0	59
gene_52	synonymous	0.05	0.92848627547158	0.867546627897413	0.754703496242783	-0.000122527671334257	0.000734685891873607	14157.846803	83	59
gene_52	synonymous	0.1	1	0.815927115709597	0.81442007572888	-0.000169422166049448	0.000727800325227051	23626.846803	96	59
gene_52	Cauchy	NA	1	0.797383939989971	0.739593779743354	NA	NA	NA	NA	NA
gene_53	pLoF	0.05	2.14828095533066e-14	2.14828095533066e-14	2.14828095533066e-14	0.0463446995861956	0.00606492771794632	482	1	0
gene_53	pLoF	0.1	2.14828095533066e-14	2.14828095533066e-14	2.14828095533066e-14	0.0463446995861956	0.00606492771794632	482	1	0
gene_53	synonymous	0.001	0.978349555132605	0.978349555132605	0.978349555132605	7.95454780492788e-05	0.00293113234311626	4910.757898	0	61
gene_53	synonymous	0.05	0.00639428610645243	0.0613193741615428	0.00344876825998353	0.00124136656828619	0.000663411815520477	15197.757898	80	61
gene_53	synonymous	0.1	0.00108541474119517	0.0221815383981715	0.00071302563320752	0.00143819231128677	0.000628788099474098	26410.757898	96	61
gene_53	Cauchy	NA	5.37347943918576e-14	5.37347943918576e-14	5.37347943918576e-14	NA	NA	NA	NA	NA
gene_54	synonymous	0.001	0.341856690933456	0.341856690933456	0.341856690933456	0.00288130796710081	0.00303135048737185	4532.519568	0	53
gene_54	synonymous	0.05	0.737170467842561	0.505300701604771	0.911302242946349	0.000509282316592817	0.00076448988997834	12827.519568	68	53
gene_54	synonymous	0.1	0.901207403256999	0.70292353713462	0.943275924534347	0.000269933910431415	0.000707787627307778	26526.519568	87	53
gene_54	Cauchy	NA	0.774354765492564	0.522788174454188	0.892060561334807	NA	NA	NA	NA	NA
gene_55	synonymous	0.001	0.544517840692071	0.544517840692071	0.544517840692071	-0.00194321465926343	0.00320664945316622	4074.49723	0	53
gene_55	synonymous	0.05	0.80829621466531	0.939609614866985	0.580212238996439	5.07438440594946e-05	0.000669792583817807	16509.49723	96	53
gene_55	synonymous	0.1	0.812983929539627	0.914333982796854	0.584940079808234	6.92043057997128e-05	0.000643320859764108	23311.49723	105	53
gene_55	Cauchy	NA	0.755061869676668	0.897305063927229	0.570104124314232	NA	NA	NA	NA	NA
gene_56	synonymous	0.001	0.2449234889978	0.2449234889978	0.2449234889978	0.00415850393607906	0.00357638202370393	3191.211729	0	49
gene_56	synonymous	0.05	0.227764311473912	0.689840872509874	0.123679534957357	0.000280242687618088	0.000702237624850627	13377.211729	85	49
gene_56	synonymous	0.1	0.244164688511325	0.388436391955386	0.134707116314074	0.000623924249471058	0.000723426967632684	28466.211729	105	49
gene_56	Cauchy	NA	0.238734487814642	0.425111132571092	0.154319074658241	NA	NA	NA	NA	NA
gene_57	synonymous	0.001	0.259647551885628	0.259647551885628	0.259647551885628	0.00327359090447071	0.00290411603895289	4996.472366	0	63
gene_57	synonymous	0.05	0.347127441966042	0.805624940627208	0.199609223700473	-0.000196910419706815	0.000800208110955757	12643.472366	59	63
gene_57	synonymous	0.1	0.391981324830758	0.29909123259173	0.229278551236145	-0.000828840750942903	0.000798202407518905	26569.472366	79	63
gene_57	Cauchy	NA	0.326803658458434	0.474246589211958	0.227346535054734	NA	NA	NA	NA	NA
gene_58	synonymous	0.001	0.944248305992707	0.944248305992707	0.944248305992707	-0.000220190004650132	0.00314865974035821	4157.552806	0	65
gene_58	synonymous	0.05	0.148792942582067	0.0834628216080915	0.442885652249103	-0.00147957993620717	0.000854785052270285	13569.552806	75	65
gene_58	synonymous	0.1	0.263918688722821	0.150878326636705	0.480422912728804	-0.00115952570601238	0.000807224086422563	29151.552806	96	65
gene_58	Cauchy	NA	0.73637727983821	0.497414975469759	0.838784414309459	NA	NA	NA	NA	NA
gene_59	synonymous	0.001	0.485835641370727	0.485835641370727	0.485835641370727	0.00207395401620331	0.00297576786757507	4741.283909	0	58
gene_59	synonymous	0.05	0.823431592049358	0.597688506176086	0.95684305650524	-0.000394983983613938	0.000748462053069472	12089.283909	76	58
gene_59	synonymous	0.1	0.811166899538434	0.582345910624157	0.888372038909417	-0.000395336897239989	0.000718844925652215	22863.283909	91	58
gene_59	Cauchy	NA	0.752763103472478	0.556381308697937	0.907397096254878	NA	NA	NA	NA	NA
gene_6	synonymous	0.001	0.179783652330739	0.179783652330739	0.179783652330739	-0.00386436370614417	0.00288079757730701	4915.363202	0	65
gene_6	synonymous	0.05	0.737653773354255	0.538513250972034	0.505624539680599	-0.000493775671729322	0.000802805299720355	11800.363202	72	65
gene_6	synonymous	0.1	0.629019508365487	0.994335669855275	0.405135569801653	-8.26452045469875e-07	0.000116414081016807	20090.363202	85	65
gene_6	Cauchy	NA	0.476303837497907	0.982570398790905	0.322756035241666	NA	NA	NA	NA	NA
gene_60	synonymous	0.001	0.166797271224028	0.166797271224028	0.166797271224028	-0.00433629405315532	0.00313640492006454	4163.956376	0	40
gene_60	synonymous	0.05	0.700944181676197	0.470505873492095	0.968800710789908	0.00045740338808169	0.000633824505626289	16343.956376	98	40
gene_60	synonymous	0.1	0.829315542761729	0.60478169400654	0.963898231556827	0.000316809425263546	0.000612148946662559	21251.956376	105	40
gene_60	Cauchy	NA	0.571285607735544	0.353971398925894	0.945091813429653	NA	NA	NA	NA	NA
gene_61	synonymous	0.001	0.395332835116793	0.395332835116793	0.395332835116793	-0.00261811409560778	0.0030801847360763	4355.638752	0	63
gene_61	synonymous	0.05	0.0535296167279514	0.0316429179952501	0.123765927307816	-0.00159568692986072	0.000742562453821802	12943.638752	79	63
gene_61	synonymous	0.1	0.0787966483989381	0.0524737464568655	0.116466484661733	-0.00141419682430305	0.000729258144043575	31129.638752	106	63
gene_61	Cauchy	NA	0.0911523256939138	0.0576645880793824	0.161611377447912	NA	NA	NA	NA	NA
gene_62	synonymous	0.001	0.575282454154481	0.575282454154481	0.575282454154481	0.00157413424221931	0.00280950501802577	4630.951439	0	58
gene_62	synonymous	0.05	0.662991324324479	0.436243330088444	0.97938482897483	-0.000514636014828384	0.000661016400395364	16986.951439	85	58
gene_62	synonymous	0.1	0.673076299363252	0.44487555523536	0.985961163138739	-0.00047749906344045	0.000625010185515569	28521.951439	101	58
gene_62	Cauchy	NA	0.639643594588845	0.485481020704362	0.975130078072542	NA	NA	NA	NA	NA
gene_63	synonymous	0.001	0.2910790161849	0.2910790161849	0.2910790161849	0.0034217603902587	0.00324104765096304	3974.76354	0	55
gene_63	synonymous	0.05	0.532557709462143	0.327345834087284	0.701417878041748	0.000663774943319073	0.000677685114746149	15815.76354	88	55
gene_63	synonymous	0.1	0.377419117766671	0.217795161491181	0.634709619600304	0.00081009172593244	0.000657322082164545	27472.76354	104	55
gene_63	Cauchy	NA	0.390667948924962	0.272761031895037	0.543601664597166	NA	NA	NA	NA	NA
gene_64	synonymous	0.001	0.78476782096134	0.78476782096134	0.78476782096134	0.000826684447658773	0.00302691642133563	4587.520529	0	56
gene_64	synonymous	0.05	0.87761974534223	0.668227117629729	0.898471009556103	-0.000304974445089539	0.000711588734336908	12683.520529	73	56
gene_64	synonymous	0.1	0.851072360744949	0.631041505277012	0.942300681593864	-0.000313945647542489	0.000653697387936264	28774.520529	97	56
gene_64	Cauchy	NA	0.845715842163198	0.705975524540066	0.904806481049812	NA	NA	NA	NA	NA
gene_65	synonymous	0.001	0.147167980379873	0.147167980379873	0.147167980379873	0.00443105806948249	0.00305672936825578	4492.496713	0	59
gene_65	synonymous	0.05	0.032655749265839	0.0183375883702249	0.112560961815642	-0.00174919245532103	0.000741582290489401	14449.496713	81	59
gene_65	synonymous	0.1	0.0237952790659419	0.0131988423606598	0.101967855724796	-0.0017685680443911	0.000713604584897418	22146.496713	92	59
gene_65	Cauchy	NA	0.0379074880393511	0.0219436768161251	0.117843642762479	NA	NA	NA	NA	NA
gene_66	synonymous	0.001	0.893571399699038	0.893571399699038	0.893571399699038	-0.000416991827951234	0.00311684524433219	4315.127535	0	48
gene_66	synonymous	0.05	0.197279783476106	0.668522883721994	0.112756775185658	-0.0003728097305141	0.000870692438709044	15182.127535	89	48
gene_66	synonymous	0.1	0.168614416948144	0.970538201616446	0.0944462824365968	2.73840367651295e-05	0.000741446043430282	30236.127535	110	48
gene_66	Cauchy	NA	0.47556960333643	0.933893208005369	0.244980177287834	NA	NA	NA	NA	NA
gene_67	synonymous	0.001	0.899240535696018	0.899240535696018	0.899240535696018	-0.000373505991591837	0.00294979971725395	4836.25422	0	61
gene_67	synonymous	0.05	0.326094619985401	0.186294794067492	0.752455411841965	-0.000922013746803848	0.000697639186521759	14895.25422	73	61
gene_67	synonymous	0.1	0.1310014546039	0.0688008323938093	0.753880829403471	-0.00119945896814879	0.000659142838000342	29044.25422	91	61
gene_67	Cauchy	NA	0.516297932847595	0.249452894763768	0.830558964597194	NA	NA	NA	NA	NA
gene_68	synonymous	0.001	0.110336089048396	0.110336089048396	0.110336089048396	-0.00422709682839669	0.00264742174361289	3931.363207	0	71
gene_68	synonymous	0.05	0.00759336603526339	0.00465530985773555	0.0479297726173042	-0.00193515568949503	0.00068380905745627	13441.363207	75	71
gene_68	synonymous	0.1	0.00644762880491134	0.00383685694899305	0.0519947799799353	-0.00186082939147106	0.000643602294039159	22879.363207	89	71
gene_68	Cauchy	NA	0.0101508771767378	0.00619618397496469	0.0611378279279806	NA	NA	NA	NA	NA
gene_69	synonymous	0.001	0.842259797594192	0.842259797594192	0.842259797594192	0.000638389722690831	0.00320792782517819	3954.026923	0	52
gene_69	synonymous	0.05	0.826979115537025	1	0.602238324271502	-3.29537906741486e-06	Inf	14287.026923	84	52
gene_69	synonymous	0.1	0.87168351678673	0.977312929409841	0.658311830277915	1.92952567574207e-05	0.000678505961447863	28815.026923	104	52
gene_69	Cauchy	NA	0.849160799569073	1	0.734754499701418	NA	NA	NA	NA	NA
gene_7	synonymous	0.001	0.41937243479986	0.41937243479986	0.41937243479986	0.00254727212115627	0.00315447558972169	4202.905678	0	63
gene_7	synonymous	0.05	0.537145675181988	0.345394160403565	0.355505905428485	0.000719399838819921	0.000762430869649375	13782.905678	73	63
gene_7	synonymous	0.1	0.508398788657876	0.546122363786403	0.312929434022979	0.000444487522737283	0.000736417566036337	22510.905678	86	63
gene_7	Cauchy	NA	0.487778872060687	0.433012884294578	0.359885287547465	NA	NA	NA	NA	NA
gene_70	pLoF	0.05	2.49043904874558e-77	2.49043904874558e-77	2.49043904874558e-77	0.0870134768907427	0.00467471250606754	206	1	0
gene_70	pLoF	0.1	2.49043904874558e-77	2.49043904874558e-77	2.49043904874558e-77	0.0870134768907427	0.00467471250606754	206	1	0
gene_70	synonymous	0.001	0.42183069841601	0.42183069841601	0.42183069841601	-0.00251693558519215	0.00313344290120442	4155.248317	0	61
gene_70	synonymous	0.05	5.60075710731382e-31	0.000349787863553885	8.00108158187689e-32	0.00292525888756228	0.000818178959451614	15722.248317	82	61
gene_70	synonymous	0.1	7.40881201883722e-31	0.000936006835748571	1.05840171697675e-31	0.00251006026612834	0.000758535548472937	23580.248317	93	61
gene_70	Cauchy	NA	6.22609762186395e-77	6.22609762186395e-77	6.22609762186395e-77	NA	NA	NA	NA	NA
gene_71	synonymous	0.001	0.0850402609724808	0.0850402609724808	0.0850402609724808	-0.00472400967947305	0.00274307002513717	4372.101649	0	67
gene_71	synonymous	0.05	0.222592008821925	0.126476385708038	0.500634617453569	-0.00129205314434634	0.000845503938459528	13038.101649	75	67
gene_71	synonymous	0.1	0.26763240394075	0.151845414414238	0.576786638098574	-0.00116584478230338	0.000813544603048512	28278.101649	96	67
gene_71	Cauchy	NA	0.153356815734743	0.114577406472421	0.22987385756718	NA	NA	NA	NA	NA
gene_72	synonymous	0.001	0.562918266118394	0.562918266118394	0.562918266118394	0.00167193997138137	0.00289006792973702	4945.443499	0	63
gene_72	synonymous	0.05	0.691802128342346	0.461365261607063	0.944098102351396	-0.000519643002536772	0.000705460995849823	16331.443499	77	63
gene_72	synonymous	0.1	0.914005286785619	0.724386624029446	0.911292936113842	-0.000243157669447335	0.000689608886653152	30392.443499	96	63
gene_72	Cauchy	NA	0.812806741091148	0.595594572958052	0.900979462505734	NA	NA	NA	NA	NA
gene_73	synonymous	0.001	0.47340624523676	0.47340624523676	0.47340624523676	0.00226472212081887	0.00315883779585705	4201.732613	0	55
gene_73	synonymous	0.05	0.253331645754627	0.811030654048877	0.14052831752068	-0.000169664860729631	0.000709607910294707	15654.732613	81	55
gene_73	synonymous	0.1	0.279979018635762	0.955956217416883	0.156258105303858	3.53693546464165e-05	0.000640415522621546	22047.732613	90	55
gene_73	Cauchy	NA	0.321019459591101	0.892920146047088	0.202170691349748	NA	NA	NA	NA	NA
gene_74	synonymous	0.001	0.682333470906854	0.682333470906854	0.682333470906854	0.00118147918338625	0.00288671899502227	4920.397858	0	67
gene_74	synonymous	0.05	0.915261963443704	0.953360633284739	0.731526242941634	-4.90174498036147e-05	0.000838089856540325	14268.397858	71	67
gene_74	synonymous	0.1	1	0.982110111199194	0.77552327348074	1.90580497853323e-05	0.000849913022812435	24058.397858	85	67
gene_74	Cauchy	NA	1	0.962275980082881	0.733840624627828	NA	NA	NA	NA	NA
gene_75	synonymous	0.001	0.942380077362502	0.942380077362502	0.942380077362502	-0.000216740351496196	0.00299867331005086	4684.01233	0	56
gene_75	synonymous	0.05	0.848295408328164	0.980498883437147	0.633807258420155	-1.86986455471652e-05	0.000764975430943244	15349.01233	79	56
gene_75	synonymous	0.1	0.805023502582706	0.858248568597495	0.580046987113045	0.00012571354942785	0.000703867065523822	25281.01233	92	56
gene_75	Cauchy	NA	0.895680662256034	0.960188642803305	0.855898303265438	NA	NA	NA	NA	NA
gene_76	synonymous	0.001	0.30801115982547	0.30801115982547	0.30801115982547	0.00292161351580742	0.00286600133525178	4982.49988	0	58
gene_76	synonymous	0.05	0.897782818395276	0.953835012405124	0.701840842250444	-4.16882813897462e-05	0.000720109929438156	16069.49988	84	58
gene_76	synonymous	0.1	0.912855706504555	0.9473214618605	0.725178747193828	4.39439354454541e-05	0.000665103774299339	24117.49988	95	58
gene_76	Cauchy	NA	0.849794738018786	0.922916278279916	0.592938638663068	NA	NA	NA	NA	NA
gene_77	synonymous	0.001	0.260291978262502	0.260291978262502	0.260291978262502	0.00354241550308289	0.00314685213551125	4222.766955	0	56
gene_77	synonymous	0.05	0.197456592663691	0.106734015149622	0.791808285154578	0.000984162003343823	0.000610125564500544	14769.766955	90	56
gene_77	synonymous	0.1	0.192635355117699	0.103713752222047	0.810099013277626	0.00100701599442202	0.000618898560733914	24287.766955	103	56
gene_77	Cauchy	NA	0.213431135620815	0.132832819096679	0.675086898620291	NA	NA	NA	NA	NA
gene_78	synonymous	0.001	0.713672466510466	0.713672466510466	0.713672466510466	-0.00105391284425101	0.00287225790587932	4888.527785	0	65
gene_78	synonymous	0.05	0.461570543454536	0.276458200312729	0.822131115698467	0.000761550111833994	0.000699754655943983	11923.527785	76	65
gene_78	synonymous	0.1	0.432883306240528	0.256399775077991	0.838948400320657	0.000779545559031006	0.000686859603471038	21235.527785	89	65
gene_78	Cauchy	NA	0.548323744295257	0.396397291373739	0.80251415991763	NA	NA	NA	NA	NA
gene_79	synonymous	0.001	0.45614495393586	0.45614495393586	0.45614495393586	0.00236337104179143	0.00317141740220073	4154.464742	0	55
gene_79	synonymous	0.05	0.441229374670423	0.756318264740055	0.263086837723621	0.000221803610440001	0.000714759645369299	14770.464742	79	55
gene_79	synonymous	0.1	0.439764226478145	0.60644700722034	0.26190557422635	0.000356750996117363	0.00069251637110046	28471.464742	99	55
gene_79	Cauchy	NA	0.445684198391005	0.625604287436668	0.313753656538102	NA	NA	NA	NA	NA
gene_8	synonymous	0.001	0.396950806111683	0.396950806111683	0.396950806111683	-0.0023961186861922	0.00282868215197589	4701.231462	0	58
gene_8	synonymous	0.05	0.72697681065436	0.831486301245681	0.49515290504387	-0.000143208498613221	0.000672985799510248	17501.231462	91	58
gene_8	synonymous	0.1	0.76305902357579	0.790468292282801	0.530319823204993	-0.000170389891481852	0.000641280580873645	23920.231462	100	58
gene_8	Cauchy	NA	0.657190465129239	0.731296054505993	0.472984221779307	NA	NA	NA	NA	NA
gene_80	synonymous	0.001	0.820259473147117	0.820259473147117	0.820259473147117	0.000640760890212391	0.0028201106440675	4674.557624	0	60
gene_80	synonymous	0.05	0.827233719516319	0.775410926119785	0.607222586399844	0.000213233481970775	0.000747389336815862	14369.557624	80	60
gene_80	synonymous	0.1	0.860368760772444	0.815761885012381	0.648939761537396	-0.000173200895255878	0.000743353450780945	29851.557624	100	60
gene_80	Cauchy	NA	0.837780085382665	0.805499196734577	0.716972218168949	NA	NA	NA	NA	NA
gene_81	synonymous	0.001	0.373568690854552	0.373568690854552	0.373568690854552	-0.00243596671221217	0.0027376301249858	4345.980971	0	73
gene_81	synonymous	0.05	0.595201868331205	0.464204849473922	0.376853673476034	0.000464723774558736	0.000634920102806726	14293.980971	78	73
gene_81	synonymous	0.1	0.535379129129152	0.329413101400253	0.441933420173695	0.000606005797162268	0.000621355317027831	20643.980971	87	73
gene_81	Cauchy	NA	0.500047722741506	0.385677770946282	0.396498991575795	NA	NA	NA	NA	NA
gene_82	synonymous	0.001	0.60769127746085	0.60769127746085	0.60769127746085	-0.00143203470416155	0.00278946904071749	4668.311559	0	61
gene_82	synonymous	0.05	0.524626722988591	0.552663228227933	0.323247120638517	0.000433683544616112	0.000730384770747007	12435.311559	73	61
gene_82	synonymous	0.1	0.587049171415472	0.625595599446976	0.369636466959076	0.000326089720756301	0.000668305109862622	26125.311559	91	61
gene_82	Cauchy	NA	0.573959517378522	0.596191802380746	0.426766969661232	NA	NA	NA	NA	NA
gene_83	pLoF	0.05	0.150685719785985	0.150685719785985	0.150685719785985	-0.00656775621127527	0.00457010235543876	220	1	0
gene_83	pLoF	0.1	0.150685719785985	0.150685719785985	0.150685719785985	-0.00656775621127527	0.00457010235543876	220	1	0
gene_83	synonymous	0.001	0.95378188258437	0.95378188258437	0.95378188258437	-0.000191485293534725	0.00330384865934457	3825.106781	0	45
gene_83	synonymous	0.05	0.673183219248648	0.490717051756324	0.443989097251949	0.00048020375245006	0.00069678684840126	15674.106781	73	45
gene_83	synonymous	0.1	0.615975490279596	0.397617554199275	0.452606084858771	0.00061820626387639	0.000730840621752628	31070.106781	92	45
gene_83	Cauchy	NA	0.711670695978779	0.651222576922594	0.652958594843569	NA	NA	NA	NA	NA
gene_84	synonymous	0.001	0.0144141815212726	0.0144141815212726	0.0144141815212726	-0.00691248956929236	0.00282514608491653	4701.611563	0	66
gene_84	synonymous	0.05	0.713877094691991	0.571815416341376	0.482570449947781	0.000414805928976658	0.000733676513891716	11704.611563	63	66
gene_84	synonymous	0.1	0.574606800579802	0.364543453184449	0.538591951258711	0.000710323341188403	0.00078338010780829	26206.611563	83	66
gene_84	Cauchy	NA	0.0450954944651965	0.0425819969177945	0.0431379088378929	NA	NA	NA	NA	NA
gene_85	synonymous	0.001	0.330389035415451	0.330389035415451	0.330389035415451	-0.0025917880618248	0.00266280352325662	4003.842833	0	67
gene_85	synonymous	0.05	0.854167526266981	0.8944367662486	0.638258900609057	-9.54526812119504e-05	0.000719353811066511	14518.842833	78	67
gene_85	synonymous	0.1	0.728979040850255	0.915823599211751	0.497131413932017	7.30447054033406e-05	0.000691083339813741	21000.842833	87	67
gene_85	Cauchy	NA	0.709134278486076	0.852567598824409	0.485700355889454	NA	NA	NA	NA	NA
gene_86	synonymous	0.001	0.295008203231437	0.295008203231437	0.295008203231437	-0.00308363729954567	0.00294465505942781	4868.04708	0	63
gene_86	synonymous	0.05	0.725563529308045	0.492649253411965	0.804161809206869	0.00049390664899291	0.00071987427269598	12621.04708	76	63
gene_86	synonymous	0.1	0.574695719874794	0.360264542614457	0.833398020794615	0.000649662644269952	0.000710121601060668	21278.04708	88	63
gene_86	Cauchy	NA	0.536490997728951	0.374928734378909	0.714582817911652	NA	NA	NA	NA	NA
gene_87	synonymous	0.001	0.133773552872031	0.133773552872031	0.133773552872031	0.00435063700950577	0.00290161261966315	4975.759603	0	57
gene_87	synonymous	0.05	0.577602788309711	0.653369617221995	0.365010482413707	0.000305415432521156	0.000680082279432091	14498.759603	73	57
gene_87	synonymous	0.1	0.66132690983208	0.462177011216674	0.434455142453722	0.000478757204445412	0.000651133971160329	25529.759603	88	57
gene_87	Cauchy	NA	0.358088240318588	0.32532766100307	0.255501206460696	NA	NA	NA	NA	NA
gene_88	synonymous	0.001	0.383232616330667	0.383232616330667	0.383232616330667	-0.00256152774622329	0.00293768149975756	4851.599234	0	50
gene_88	synonymous	0.05	0.912793876868907	0.720864519895861	0.880080786747788	-0.000235601644122831	0.000659387788480794	16896.599234	85	50
gene_88	synonymous	0.1	1	0.806583458624466	0.899369385243033	-0.000152258362642936	0.000621879115779784	27716.599234	100	50
gene_88	Cauchy	NA	1	0.678618139339678	0.833446495006975	NA	NA	NA	NA	NA
gene_89	synonymous	0.001	0.810773238633476	0.810773238633476	0.810773238633476	-0.00064315133954265	0.00268619238498643	4092.849591	0	64
gene_89	synonymous	0.05	0.759325912586162	0.534198317789698	0.689942860081268	0.000488984638053862	0.000786642117770639	14982.849591	84	64
gene_89	synonymous	0.1	0.703254800609354	0.478350733265362	0.720765090841738	0.000537343307330647	0.000757934239293604	19207.849591	90	64
gene_89	Cauchy	NA	0.764271543160956	0.649184360464144	0.749459936962397	NA	NA	NA	NA	NA
gene_9	synonymous	0.001	0.269371680411386	0.269371680411386	0.269371680411386	0.00291424625994403	0.00263849535917361	3865.64731	0	66
gene_9	synonymous	0.05	0.836197018618801	0.615677390731672	0.632653296662959	0.000381935397658971	0.000760848751153888	15704.64731	73	66
gene_9	synonymous	0.1	0.709764871816356	0.479764163782689	0.603844458661162	0.000522219980846337	0.000738974581716898	27342.64731	88	66
gene_9	Cauchy	NA	0.660708626262763	0.44038826739515	0.488955273289511	NA	NA	NA	NA	NA
gene_90	synonymous	0.001	0.469782264319487	0.469782264319487	0.469782264319487	-0.00236424621090455	0.00327080391659224	3855.209842	0	51
gene_90	synonymous	0.05	0.416329444633183	0.243570756410511	0.84451959834753	0.000771191973802184	0.000661338341736903	14130.209842	90	51
gene_90	synonymous	0.1	0.550204413967488	0.338908796436221	0.904372912597085	0.000604880069213171	0.000632505672751777	25760.209842	107	51
gene_90	Cauchy	NA	0.478255104069745	0.336645181698635	0.828385236464177	NA	NA	NA	NA	NA
gene_91	synonymous	0.001	0.0725007468541343	0.0725007468541343	0.0725007468541343	0.00612140544039006	0.00340842925874668	3582.111638	0	45
gene_91	synonymous	0.05	0.877117572923387	0.668790549737923	0.727687543222899	0.00027863112132447	0.000651298707001065	17582.111638	86	45
gene_91	synonymous	0.1	0.898799561729198	0.70002467442	0.789375060733863	0.000245684419271142	0.000637665735036078	25491.111638	97	45
gene_91	Cauchy	NA	0.619723975346633	0.249930666360182	0.301263811046795	NA	NA	NA	NA	NA
gene_92	synonymous	0.001	0.93594747613662	0.93594747613662	0.93594747613662	-0.000251675260184741	0.00313167773991212	4269.00541	0	56
gene_92	synonymous	0.05	1	0.948753633304826	0.999369043348921	-4.57967855466167e-05	0.00071254624563147	14413.00541	81	56
gene_92	synonymous	0.1	1	0.774269973486097	0.999300242454834	0.000185055514919609	0.000645255633816697	23176.00541	92	56
gene_92	Cauchy	NA	1	0.92340256293566	0.999009694309693	NA	NA	NA	NA	NA
gene_93	synonymous	0.001	0.564964898601516	0.564964898601516	0.564964898601516	-0.0017693817102467	0.00307460460702158	4443.980175	0	59
gene_93	synonymous	0.05	0.00685404547742507	0.0030479771581654	0.253031819365829	-0.00199089320878555	0.000671950393057567	15069.980175	78	59
gene_93	synonymous	0.1	0.0430456226891568	0.0212852528862489	0.248543794064965	-0.00155524654368988	0.000675346709126445	23368.980175	90	59
gene_93	Cauchy	NA	0.0178050419996416	0.00801247573851949	0.329281581774169	NA	NA	NA	NA	NA
gene_94	synonymous	0.001	0.671546673979945	0.671546673979945	0.671546673979945	0.0012793329774318	0.00301710801202115	4614.811054	0	53
gene_94	synonymous	0.05	0.617216091934123	0.397733497504184	0.741062129774392	0.000590873470775309	0.000698699559276894	15771.811054	93	53
gene_94	synonymous	0.1	0.631375977623003	0.408391497252787	0.72540870170425	0.000526273935973177	0.000636574806469447	28037.811054	108	53
gene_94	Cauchy	NA	0.640868364543711	0.496726912968307	0.714753486205034	NA	NA	NA	NA	NA
gene_95	synonymous	0.001	0.548023959515266	0.548023959515266	0.548023959515266	-0.0019994427979097	0.0033283894758759	3726.240817	0	46
gene_95	synonymous	0.05	0.295159416996521	0.90076829039958	0.16488725220014	8.56726519511042e-05	0.000687080425803353	14001.240817	84	46
gene_95	synonymous	0.1	0.347933672098834	0.905165327819837	0.200874478976694	-8.38766671283846e-05	0.000704024300865788	27949.240817	104	46
gene_95	Cauchy	NA	0.386661913896782	0.862578830733135	0.251542550643981	NA	NA	NA	NA	NA
gene_96	synonymous	0.001	0.593352654599181	0.593352654599181	0.593352654599181	0.00206347294881633	0.00386429786656181	2767.496731	0	43
gene_96	synonymous	0.05	0.368066185423917	0.266875544266536	0.214965033274595	0.000844701530696247	0.000760795931877532	13571.496731	88	43
gene_96	synonymous	0.1	0.365411975414768	0.499893061383207	0.212265995253511	0.000498310480176859	0.000738611956096142	27131.496731	107	43
gene_96	Cauchy	NA	0.438397688784879	0.437415152512661	0.297425838167419	NA	NA	NA	NA	NA
gene_97	synonymous	0.001	0.892677655661728	0.892677655661728	0.892677655661728	-0.000432911597069806	0.00320873007355483	4001.593605	0	53
gene_97	synonymous	0.05	0.60379365558582	0.387093151946406	0.995446822138728	0.000664144339753933	0.000767884847269586	12880.593605	80	53
gene_97	synonymous	0.1	0.571204850263579	0.360113687126271	0.996262955005844	0.000657664174448171	0.000718642044317495	18195.593605	89	53
gene_97	Cauchy	NA	0.770717165361891	0.688059664186498	0.993954200291413	NA	NA	NA	NA	NA
gene_98	synonymous	0.001	0.833740940907082	0.833740940907082	0.833740940907082	0.000687027654563446	0.00327302336396962	3746.152985	0	43
gene_98	synonymous	0.05	0.676598876272031	0.445887318643717	0.564494018384419	0.000531191532917157	0.00069683712763514	13119.152985	85	43
gene_98	synonymous	0.1	0.712119191032754	0.686305595861473	0.477884414398227	0.00027653555407639	0.000684707998826304	24871.152985	101	43
gene_98	Cauchy	NA	0.757424341404562	0.703353538496042	0.677657102081209	NA	NA	NA	NA	NA
gene_99	synonymous	0.001	0.88269329979168	0.88269329979168	0.88269329979168	-0.000512336032959464	0.00347214990966428	3456.132989	0	46
gene_99	synonymous	0.05	0.540857044773374	0.681095834832355	0.335055593878764	0.000280378598351459	0.000682239116860688	14335.132989	84	46
gene_99	synonymous	0.1	0.469414964245215	0.377103296866366	0.280667717314068	0.000555263675937694	0.000628662442325442	26827.132989	101	46
gene_99	Cauchy	NA	0.728642197596772	0.740298143915515	0.620717276970234	NA	NA	NA	NA	NA
